0	14.6408
16.6667	8.1469
33.3333	7.1172
50	11.2799
66.6667	10.4744
83.3333	7.3888
100	5.6262
116.6667	8.8691
133.3333	9.1128
150	9.1388
166.6667	7.2113
183.3333	6.2173
200	8.7654
216.6667	10.9924
233.3333	9.3564
250	9.865
266.6667	8.5413
283.3333	9.0482
300	11.458
316.6667	11.6956
333.3333	9.5376
350	10.4973
366.6667	10.6789
383.3333	10.9524
400	13.8718
416.6667	12.4042
433.3333	13.1688
450	14.3186
466.6667	15.8225
483.3333	17.7102
500	17.7155
516.6667	14.4472
533.3333	12.5885
550	14.4489
566.6667	13.5014
583.3333	15.2089
600	12.4807
616.6667	9.9742
633.3333	9.2619
650	9.4988
666.6667	11.4308
683.3333	10.8295
700	7.8247
716.6667	5.83
733.3333	6.3398
750	8.4425
766.6667	10.8255
783.3333	10.7717
800	10.9888
816.6667	10.7545
833.3333	9.9144
850	12.3679
866.6667	14.4155
883.3333	15.8379
900	17.1881
916.6667	19.3629
933.3333	18.7757
950	20.04
966.6667	19.442
983.3333	22.366
1000	23.8813
1016.6667	24.0461
1033.3334	24.765
1050	24.3585
1066.6666	26.618
1083.3334	27.3984
1100	31.2593
1116.6666	31.1098
1133.3334	31.6052
1150	31.578
1166.6666	33.0514
1183.3334	33.0574
1200	30.822
1216.6666	28.3875
1233.3334	27.698
1250	31.9085
1266.6666	34.367
1283.3334	32.3916
1300	26.9691
1316.6666	24.6995
1333.3334	24.9473
1350	28.0387
1366.6666	29.8808
1383.3334	27.2338
1400	26.5672
1416.6666	25.991
1433.3334	27.8279
1450	27.7153
1466.6666	26.947
1483.3334	28.947
1500	29.9664
1516.6666	32.6224
1533.3334	29.5587
1550	27.792
1566.6666	26.3591
1583.3334	27.8438
1600	33.5959
1616.6666	32.1308
1633.3334	26.061
1650	26.4761
1666.6666	33.9123
1683.3334	39.9009
1700	29.9661
1716.6666	23.0588
1733.3334	24.9097
1750	42.2812
1766.6666	46.7536
1783.3334	37.292
1800	27.0422
1816.6666	20.1609
1833.3334	30.2767
1850	40.8095
1866.6666	38.3113
1883.3334	28.354
1900	19.7521
1916.6666	22.573
1933.3334	31.9235
1950	33.7374
1966.6666	27.4606
1983.3334	22.6832
2000	22.65
2016.6666	25.9022
2033.3334	27.7757
2050	27.5568
2066.6667	27.3985
2083.3333	25.0704
2100	26.3602
2116.6667	26.1828
2133.3333	26.3546
2150	27.4132
2166.6667	28.1161
2183.3333	28.3582
2200	25.7891
2216.6667	23.3674
2233.3333	24.8549
2250	28.7461
2266.6667	28.5337
2283.3333	26.803
2300	23.7348
2316.6667	25.7788
2333.3333	29.3118
2350	30.6643
2366.6667	28.6074
2383.3333	25.4228
2400	26.8625
2416.6667	30.3728
2433.3333	32.1034
2450	27.9705
2466.6667	22.5992
2483.3333	23.0117
2500	26.6175
2516.6667	29.8838
2533.3333	26.3328
2550	22.7364
2566.6667	19.4795
2583.3333	22.9378
2600	24.9878
2616.6667	24.21
2633.3333	21.06
2650	16.652
2666.6667	19.8149
2683.3333	26.0797
2700	27.4057
2716.6667	21.7886
2733.3333	17.9956
2750	19.9111
2766.6667	26.2605
2783.3333	28.6204
2800	22.4659
2816.6667	20.2851
2833.3333	22.5504
2850	26.2917
2866.6667	27.7184
2883.3333	24.7177
2900	22.6039
2916.6667	24.144
2933.3333	26.4263
2950	26.424
2966.6667	25.4875
2983.3333	26.1314
3000	28.8232
3016.6667	29.9105
3033.3333	28.2696
3050	28.3428
3066.6667	26.3939
3083.3333	26.9976
3100	26.4306
3116.6667	25.4471
3133.3333	25.6529
3150	26.4439
3166.6667	25.8031
3183.3333	24.6925
3200	22.8647
3216.6667	21.6992
3233.3333	24.2668
3250	23.9118
3266.6667	24.2594
3283.3333	22.3252
3300	20.307
3316.6667	22.6663
3333.3333	23.938
3350	24.3558
3366.6667	22.6468
3383.3333	21.77
3400	22.849
3416.6667	24.7183
3433.3333	24.3432
3450	22.0268
3466.6667	21.9029
3483.3333	22.802
3500	25.3683
3516.6667	25.9159
3533.3333	23.4335
3550	21.9113
3566.6667	23.7902
3583.3333	27.2923
3600	29.9863
3616.6667	29.8459
3633.3333	28.1646
3650	31.5219
3666.6667	34.1581
3683.3333	36.6072
3700	35.7672
3716.6667	33.4914
3733.3333	34.1548
3750	37.6266
3766.6667	39.9885
3783.3333	39.6082
3800	37.2817
3816.6667	35.7836
3833.3333	39.5819
3850	43.2784
3866.6667	45.6032
3883.3333	44.4265
3900	42.8156
3916.6667	45.5178
3933.3333	47.9678
3950	51.8945
3966.6667	50.1854
3983.3333	49.5396
4000	48.2327
4016.6667	53.4367
4033.3333	53.9908
4050	53.668
4066.6667	52.6763
4083.3333	52.3313
4100	55.8778
4116.6665	55.7659
4133.3335	55.315
4150	52.1768
4166.6665	52.2538
4183.3335	54.0723
4200	54.9701
4216.6665	54.8192
4233.3335	52.3517
4250	53.3641
4266.6665	54.8999
4283.3335	57.0407
4300	55.978
4316.6665	52.7259
4333.3335	51.0681
4350	52.3291
4366.6665	55.3736
4383.3335	57.0412
4400	54.8837
4416.6665	51.0045
4433.3335	49.3695
4450	51.2764
4466.6665	53.0218
4483.3335	53.6332
4500	51.4362
4516.6665	50.0371
4533.3335	50.2848
4550	52.4993
4566.6665	54.498
4583.3335	54.2003
4600	54.2319
4616.6665	51.6149
4633.3335	52.0385
4650	53.3499
4666.6665	55.7718
4683.3335	57.3097
4700	54.249
4716.6665	54.0915
4733.3335	53.3572
4750	55.4909
4766.6665	59.2524
4783.3335	59.3061
4800	58.9976
4816.6665	54.6825
4833.3335	56.4846
4850	58.2218
4866.6665	60.7481
4883.3335	59.0832
4900	56.8125
4916.6665	55.7294
4933.3335	56.0391
4950	58.5005
4966.6665	58.9992
4983.3335	59.3632
5000	57.9326
5016.6665	58.0529
5033.3335	59.9091
5050	59.3975
5066.6665	56.7763
5083.3335	54.8133
5100	55.1337
5116.6665	56.8234
5133.3335	55.1818
5150	54.2124
5166.6665	52.4928
5183.3335	52.9885
5200	57.1213
5216.6665	58.7329
5233.3335	58.0662
5250	55.6506
5266.6665	55.0351
5283.3335	55.3657
5300	57.0834
5316.6665	55.8612
5333.3335	57.0838
5350	57.3116
5366.6665	56.9711
5383.3335	57.9148
5400	56.5612
5416.6665	57.1326
5433.3335	55.4681
5450	56.7472
5466.6665	58.3776
5483.3335	58.0494
5500	57.2697
5516.6665	55.5692
5533.3335	56.5447
5550	57.9552
5566.6665	58.754
5583.3335	58.2769
5600	56.8792
5616.6665	56.4096
5633.3335	56.9228
5650	57.3833
5666.6665	58.7767
5683.3335	57.5215
5700	55.339
5716.6665	54.8774
5733.3335	53.8352
5750	53.4506
5766.6665	51.9698
5783.3335	52.0277
5800	54.325
5816.6665	53.8695
5833.3335	52.7021
5850	52.9245
5866.6665	53.7639
5883.3335	55.3139
5900	54.3078
5916.6665	55.3031
5933.3335	55.4334
5950	56.8492
5966.6665	56.9569
5983.3335	56.6574
6000	56.5503
6016.6665	55.7276
6033.3335	56.6623
6050	57.3558
6066.6665	57.3507
6083.3335	56.5728
6100	58.0929
6116.6665	59.3472
6133.3335	59.9714
6150	59.1611
6166.6665	57.1532
6183.3335	58.0378
6200	58.5424
6216.6665	59.4953
6233.3335	59.6145
6250	57.3206
6266.6665	57.3908
6283.3335	57.0964
6300	58.5209
6316.6665	58.4356
6333.3335	57.8184
6350	56.7971
6366.6665	55.5605
6383.3335	54.9484
6400	54.5225
6416.6665	56.1154
6433.3335	55.6675
6450	55.2665
6466.6665	55.3806
6483.3335	55.6397
6500	55.0952
6516.6665	54.8654
6533.3335	56.995
6550	57.9668
6566.6665	56.9185
6583.3335	56.675
6600	55.9383
6616.6665	57.0827
6633.3335	58.1433
6650	60.1785
6666.6665	60.0293
6683.3335	59.6627
6700	58.6495
6716.6665	57.7156
6733.3335	61.1264
6750	61.7301
6766.6665	63.1392
6783.3335	62.2312
6800	61.0827
6816.6665	60.6254
6833.3335	60.8377
6850	62.3086
6866.6665	62.7124
6883.3335	63.7642
6900	62.461
6916.6665	61.2652
6933.3335	61.1116
6950	61.3509
6966.6665	62.8841
6983.3335	60.6589
7000	58.7885
7016.6665	56.0095
7033.3335	55.2725
7050	55.626
7066.6665	56.7114
7083.3335	56.7768
7100	56.8495
7116.6665	57.3086
7133.3335	56.8106
7150	56.3275
7166.6665	55.5673
7183.3335	56.8694
7200	58.0942
7216.6665	59.6531
7233.3335	58.6935
7250	58.415
7266.6665	58.6395
7283.3335	59.5095
7300	59.6951
7316.6665	59.5263
7333.3335	59.9779
7350	59.989
7366.6665	60.5334
7383.3335	60.9493
7400	60.2825
7416.6665	61.1841
7433.3335	60.8108
7450	61.5909
7466.6665	61.825
7483.3335	60.3775
7500	60.0801
7516.6665	60.4112
7533.3335	59.877
7550	59.354
7566.6665	59.6258
7583.3335	60.1769
7600	61.0134
7616.6665	58.6464
7633.3335	57.4475
7650	55.2731
7666.6665	54.972
7683.3335	54.9865
7700	56.1199
7716.6665	57.6599
7733.3335	55.5216
7750	54.8917
7766.6665	54.3654
7783.3335	55.9553
7800	57.1244
7816.6665	56.7948
7833.3335	55.3559
7850	56.1983
7866.6665	56.8786
7883.3335	56.2854
7900	56.9376
7916.6665	57.0578
7933.3335	58.9495
7950	58.0632
7966.6665	57.9071
7983.3335	58.0942
8000	58.4971
8016.6665	61.1032
8033.3335	62.1816
8050	67.0744
8066.6665	67.01
8083.3335	66.7515
8100	67.8464
8116.6665	67.6578
8133.3335	70.4701
8150	70.677
8166.6665	71.6614
8183.3335	71.6856
8200	70.4539
8216.667	70.2407
8233.333	72.132
8250	73.5034
8266.667	72.187
8283.333	73.3112
8300	75.7812
8316.667	77.3781
8333.333	75.3892
8350	74.4899
8366.667	75.853
8383.333	79.345
8400	80.7356
8416.667	80.3174
8433.333	79.0999
8450	77.6082
8466.667	78.7127
8483.333	83.665
8500	85.2241
8516.667	85.2477
8533.333	83.0493
8550	83.8595
8566.667	85.915
8583.333	86.8155
8600	90.1774
8616.667	91.3626
8633.333	94.7691
8650	95.5015
8666.667	96.0535
8683.333	96.2475
8700	96.3511
8716.667	98.4369
8733.333	98.8045
8750	98.4709
8766.667	99.8558
8783.333	102.1539
8800	102.3516
8816.667	102.7629
8833.333	103.5724
8850	101.4771
8866.667	104.4548
8883.333	103.8242
8900	106.2706
8916.667	105.505
8933.333	103.9156
8950	104.0776
8966.667	105.3534
8983.333	111.1042
9000	114.4795
9016.667	113.3238
9033.333	112.8321
9050	115.3023
9066.667	118.932
9083.333	121.5891
9100	124.212
9116.667	127.2084
9133.333	132.1727
9150	134.0946
9166.667	138.8121
9183.333	141.9645
9200	143.2245
9216.667	142.4173
9233.333	143.6687
9250	145.7351
9266.667	147.2266
9283.333	148.9623
9300	149.98
9316.667	151.5159
9333.333	149.6865
9350	150.2437
9366.667	152.5531
9383.333	154.2834
9400	154.6702
9416.667	154.3344
9433.333	154.2462
9450	156.3216
9466.667	157.4551
9483.333	159.1164
9500	158.9193
9516.667	158.1042
9533.333	156.9717
9550	158.5268
9566.667	160.6564
9583.333	159.6244
9600	161.0788
9616.667	162.2687
9633.333	163.4835
9650	163.4572
9666.667	163.2405
9683.333	164.9728
9700	165.3569
9716.667	168.7234
9733.333	168.0032
9750	170.3816
9766.667	171.6042
9783.333	172.6497
9800	176.9299
9816.667	178.5264
9833.333	181.483
9850	182.9162
9866.667	185.6226
9883.333	184.3358
9900	186.4925
9916.667	188.9309
9933.333	194.2229
9950	195.4703
9966.667	196.3688
9983.333	198.947
10000	199.8851
10016.667	203.8616
10033.333	206.9343
10050	211.4932
10066.667	214.4113
10083.333	216.2488
10100	219.7248
10116.667	219.4131
10133.333	220.376
10150	221.8902
10166.667	221.9597
10183.333	224.067
10200	222.7502
10216.667	222.1534
10233.333	222.3193
10250	224.5171
10266.667	227.8035
10283.333	228.9586
10300	230.8438
10316.667	231.394
10333.333	232.1829
10350	232.8077
10366.667	236.9583
10383.333	239.5387
10400	240.293
10416.667	239.7508
10433.333	238.3427
10450	243.91
10466.667	247.0241
10483.333	249.249
10500	244.3816
10516.667	243.3705
10533.333	245.3602
10550	251.4352
10566.667	255.7987
10583.333	252.997
10600	248.3389
10616.667	246.1664
10633.333	251.8198
10650	258.437
10666.667	260.0827
10683.333	258.83
10700	253.2939
10716.667	253.4805
10733.333	258.6283
10750	261.3486
10766.667	264.1754
10783.333	259.3309
10800	257.1636
10816.667	257.5829
10833.333	259.4255
10850	263.2426
10866.667	263.4996
10883.333	264.4912
10900	265.396
10916.667	266.7922
10933.333	268.4677
10950	267.9465
10966.667	268.9605
10983.333	269.26
11000	272.3046
11016.667	274.6583
11033.333	275.1283
11050	274.2391
11066.667	276.2905
11083.333	276.6205
11100	280.4362
11116.667	282.4911
11133.333	282.4844
11150	283.5051
11166.667	283.896
11183.333	286.4812
11200	287.0261
11216.667	289.2867
11233.333	291.5623
11250	294.6578
11266.667	296.8113
11283.333	295.0262
11300	295.7567
11316.667	296.7525
11333.333	298.6622
11350	303.2159
11366.667	307.4417
11383.333	311.3453
11400	311.1392
11416.667	311.5713
11433.333	314.6231
11450	317.5235
11466.667	323.9441
11483.333	324.1199
11500	324.3935
11516.667	322.1555
11533.333	323.15
11550	327.3198
11566.667	330.5355
11583.333	334.2295
11600	333.8164
11616.667	332.8972
11633.333	333.398
11650	337.7386
11666.667	340.5293
11683.333	341.0018
11700	341.1191
11716.667	344.0547
11733.333	349.0768
11750	350.5029
11766.667	350.274
11783.333	348.7728
11800	351.6818
11816.667	355.8111
11833.333	359.9512
11850	360.3369
11866.667	357.174
11883.333	356.7346
11900	358.9784
11916.667	361.8094
11933.333	363.2909
11950	363.8801
11966.667	363.5985
11983.333	364.6926
12000	367.8621
12016.667	368.4311
12033.333	368.4313
12050	369.0441
12066.667	371.0199
12083.333	373.04
12100	372.3521
12116.667	372.1109
12133.333	372.2854
12150	375.3549
12166.667	376.2799
12183.333	379.6922
12200	380.6506
12216.667	380.2604
12233.333	381.1067
12250	381.2179
12266.667	384.617
12283.333	385.9442
12300	388.2981
12316.667	389.7335
12333.333	389.7957
12350	389.7316
12366.667	391.7326
12383.333	396.1969
12400	398.0933
12416.667	397.9162
12433.333	397.5087
12450	395.4117
12466.667	396.6494
12483.333	400.1013
12500	402.5149
12516.667	402.5347
12533.333	400.6573
12550	399.8471
12566.667	400.3319
12583.333	402.8916
12600	404.7996
12616.667	406.9926
12633.333	408.57
12650	406.5594
12666.667	407.4705
12683.333	408.2845
12700	410.843
12716.667	411.3714
12733.333	411.1607
12750	412.5855
12766.667	412.4557
12783.333	415.4836
12800	414.097
12816.667	415.3423
12833.333	414.448
12850	416.875
12866.667	421.2374
12883.333	422.4386
12900	421.3586
12916.667	422.1937
12933.333	425.6335
12950	430.9132
12966.667	434.522
12983.333	436.4417
13000	438.516
13016.667	439.749
13033.333	440.0733
13050	441.7762
13066.667	443.8942
13083.333	446.8049
13100	449.6618
13116.667	451.7901
13133.333	452.0363
13150	450.2929
13166.667	453.1002
13183.333	455.8869
13200	460.342
13216.667	462.4348
13233.333	460.3412
13250	459.3557
13266.667	459.8997
13283.333	466.3912
13300	471.6916
13316.667	473.4268
13333.333	470.5026
13350	468.819
13366.667	471.0593
13383.333	474.8367
13400	477.1207
13416.667	475.6587
13433.333	475.3717
13450	476.13
13466.667	478.4929
13483.333	480.3282
13500	483.3588
13516.667	482.6516
13533.333	482.8001
13550	485.2025
13566.667	487.7565
13583.333	489.8155
13600	490.2051
13616.667	490.6653
13633.333	489.7811
13650	489.3778
13666.667	494.3646
13683.333	499.0098
13700	497.6631
13716.667	493.814
13733.333	497.3751
13750	509.0829
13766.667	510.6485
13783.333	501.1824
13800	491.18
13816.667	495.8216
13833.333	514.2799
13850	522.4837
13866.667	515.9307
13883.333	501.4847
13900	497.4542
13916.667	507.8239
13933.333	523.8889
13950	526.1007
13966.667	515.1923
13983.333	506.3431
14000	507.7026
14016.667	518.5471
14033.333	523.6992
14050	522.3047
14066.667	515.5411
14083.333	511.0238
14100	514.0183
14116.667	520.0125
14133.333	529.2275
14150	529.9832
14166.667	527.4724
14183.333	516.1885
14200	515.176
14216.667	522.9503
14233.333	534.95
14250	539.3204
14266.667	532.0734
14283.333	529.2289
14300	528.6924
14316.667	531.9677
14333.333	533.3677
14350	536.0084
14366.667	540.6094
14383.333	541.2418
14400	539.3431
14416.667	536.4774
14433.333	538.1857
14450	542.2169
14466.667	544.5514
14483.333	545.0813
14500	541.8328
14516.667	540.8636
14533.333	541.4076
14550	544.2814
14566.667	547.426
14583.333	546.9645
14600	545.9644
14616.667	545.3776
14633.333	545.2634
14650	545.886
14666.667	546.786
14683.333	549.1005
14700	548.3091
14716.667	548.892
14733.333	547.9133
14750	549.7122
14766.667	551.2284
14783.333	553.714
14800	554.8677
14816.667	553.7783
14833.333	554.105
14850	553.4301
14866.667	558.4117
14883.333	561.1713
14900	560.4346
14916.667	559.3144
14933.333	557.1296
14950	561.4364
14966.667	563.864
14983.333	566.5702
15000	565.4426
15016.667	563.6432
15033.333	564.2748
15050	567.9301
15066.667	571.0306
15083.333	570.1783
15100	568.5662
15116.667	568.7206
15133.333	571.6226
15150	574.7057
15166.667	575.2473
15183.333	565.1439
15200	560.7178
15216.667	562.0724
