0	39.0054
16.6667	39.6879
33.3333	51.5352
50	78.0313
66.6667	103.4022
83.3333	108.9078
100	83.5778
116.6667	62.692
133.3333	58.1845
150	74.6369
166.6667	78.3919
183.3333	84.7636
200	85.3738
216.6667	81.1998
233.3333	74.9468
250	68.0438
266.6667	67.753
283.3333	63.5915
300	60.6063
316.6667	56.992
333.3333	52.7594
350	46.9164
366.6667	43.9008
383.3333	39.1
400	34.9115
416.6667	29.153
433.3333	28.6096
450	28.0741
466.6667	23.8416
483.3333	20.4513
500	19.5879
516.6667	17.9663
533.3333	19.2649
550	17.5383
566.6667	15.9081
583.3333	21.3248
600	37.2257
616.6667	66.9494
633.3333	92.2818
650	98.5748
666.6667	80.5779
683.3333	66.7297
700	58.7209
716.6667	47.608
733.3333	39.0071
750	32.2775
766.6667	43.3864
783.3333	53.6139
800	51.7416
816.6667	45.1704
833.3333	40.5658
850	38.9173
866.6667	35.994
883.3333	35.4241
900	33.9467
916.6667	30.3873
933.3333	29.3134
950	28.7829
966.6667	26.6403
983.3333	25.2271
1000	29.753
1016.6667	23.923
1033.3334	23.0664
1050	20.357
1066.6666	17.958
1083.3334	27.5474
1100	26.5688
1116.6666	18.5514
1133.3334	15.8136
1150	20.3144
1166.6666	24.6422
1183.3334	31.6619
1200	43.4699
1216.6666	62.1352
1233.3334	92.3022
1250	121.0971
1266.6666	108.2648
1283.3334	83.8495
1300	62.0756
1316.6666	62.2173
1333.3334	80.5196
1350	83.489
1366.6666	85.8948
1383.3334	85.9638
1400	81.2477
1416.6666	74.2544
1433.3334	71.5008
1450	62.3007
1466.6666	58.8655
1483.3334	54.1218
1500	50.2886
1516.6666	45.5357
1533.3334	45.5952
1550	42.0958
1566.6666	39.5455
1583.3334	34.9049
1600	29.7514
1616.6666	26.8652
1633.3334	23.1103
1650	20.6054
1666.6666	21.5524
1683.3334	20.1112
1700	18.3929
1716.6666	19.5239
1733.3334	16.8393
1750	19.4804
1766.6666	27.4855
1783.3334	37.1366
1800	52.5884
1816.6666	63.147
1833.3334	85.7674
1850	102.6517
1866.6666	98.584
1883.3334	87.3884
1900	64.3632
1916.6666	44.7332
1933.3334	29.8637
1950	35.3708
1966.6666	47.7657
1983.3334	53.227
2000	49.7241
2016.6666	41.7799
2033.3334	36.6599
2050	33.1935
2066.6667	29.8909
2083.3333	28.7262
2100	27.4816
2116.6667	25.2026
2133.3333	26.6385
2150	24.7417
2166.6667	24.2799
2183.3333	23.5591
2200	22.2582
2216.6667	21.3097
2233.3333	19.3959
2250	21.5126
2266.6667	20.8368
2283.3333	19.1386
2300	16.5667
2316.6667	16.6694
2333.3333	15.4188
2350	17.1582
2366.6667	23.9173
2383.3333	34.0391
2400	44.0239
2416.6667	55.2689
2433.3333	85.8254
2450	113.7262
2466.6667	103.5668
2483.3333	80.7746
2500	61.345
2516.6667	64.441
2533.3333	79.895
2550	82.2156
2566.6667	86.4389
2583.3333	87.3917
2600	86.0464
2616.6667	76.0974
2633.3333	67.0533
2650	63.7877
2666.6667	59.325
2683.3333	56.4476
2700	53.7839
2716.6667	50.696
2733.3333	46.3917
2750	43.4429
2766.6667	40.7945
2783.3333	37.3529
2800	32.2278
2816.6667	31.798
2833.3333	27.1024
2850	23.1174
2866.6667	21.096
2883.3333	18.6114
2900	17.4959
2916.6667	18.8589
2933.3333	16.4146
2950	16.4945
2966.6667	23.4096
2983.3333	45.4201
3000	85.9946
3016.6667	115.595
3033.3333	99.5832
3050	69.67
3066.6667	56.8849
3083.3333	48.162
3100	37.1158
3116.6667	32.6883
3133.3333	37.6456
3150	47.3822
3166.6667	56.1229
3183.3333	53.8088
3200	49.8788
3216.6667	43.1338
3233.3333	41.6574
3250	38.7086
3266.6667	37.0894
3283.3333	35.6549
3300	30.3852
3316.6667	28.181
3333.3333	27.6466
3350	27.1721
3366.6667	26.6812
3383.3333	24.1989
3400	22.4466
3416.6667	27.1588
3433.3333	26.5843
3450	20.757
3466.6667	17.9027
3483.3333	15.8432
3500	15.6293
3516.6667	17.3082
3533.3333	21.7911
3550	30.8904
3566.6667	42.7913
3583.3333	53.4924
3600	76.3708
3616.6667	114.7901
3633.3333	119.1801
3650	94.717
3666.6667	71.8387
3683.3333	61.9167
3700	78.2132
3716.6667	81.6736
3733.3333	84.2768
3750	87.2801
3766.6667	84.1564
3783.3333	80.5063
3800	71.1533
3816.6667	68.1637
3833.3333	62.9665
3850	58.1784
3866.6667	56.2039
3883.3333	53.3303
3900	54.6584
3916.6667	49.175
3933.3333	37.8656
3950	35.5364
3966.6667	29.9094
3983.3333	29.4852
4000	33.5084
4016.6667	25.9775
4033.3333	21.2132
4050	20.5719
4066.6667	17.8091
4083.3333	20.0572
4100	18.2378
4116.6665	17.8792
4133.3335	22.4693
4150	35.6078
4166.6665	51.285
4183.3335	61.3358
4200	91.4712
4216.6665	107.8437
4233.3335	115.2473
4250	94.2427
4266.6665	64.9386
4283.3335	43.7773
4300	31.9966
4316.6665	28.1331
4333.3335	35.8188
4350	49.2433
4366.6665	53.2412
4383.3335	45.0465
4400	41.7476
4416.6665	37.9843
4433.3335	32.0074
4450	30.5704
4466.6665	30.118
4483.3335	26.6325
4500	25.0421
4516.6665	24.4281
4533.3335	24.0092
4550	22.909
4566.6665	22.0303
4583.3335	19.7226
4600	20.0321
4616.6665	19.1684
4633.3335	17.4939
4650	17.0338
4666.6665	15.0675
4683.3335	14.0942
4700	15.0815
4716.6665	18.2899
4733.3335	25.6194
4750	34.5168
4766.6665	41.8973
4783.3335	57.3244
4800	89.292
4816.6665	108.9545
4833.3335	97.0615
4850	74.5343
4866.6665	61.9162
4883.3335	71.1902
4900	79.7395
4916.6665	81.2425
4933.3335	81.4008
4950	85.8518
4966.6665	79.2997
4983.3335	71.7378
5000	63.0067
5016.6665	63.9192
5033.3335	62.5092
5050	56.4258
5066.6665	52.7221
5083.3335	46.9575
5100	44.7182
5116.6665	40.8382
5133.3335	40.4932
5150	40.6309
5166.6665	33.5356
5183.3335	29.1267
5200	28.658
5216.6665	23.2248
5233.3335	20.8466
5250	23.6713
5266.6665	22.5844
5283.3335	19.5437
5300	18.9422
5316.6665	19.0244
5333.3335	28.6081
5350	50.3056
5366.6665	74.8446
5383.3335	91.745
5400	89.8342
5416.6665	77.5109
5433.3335	70.1708
5450	54.4261
5466.6665	43.7415
5483.3335	33.2629
5500	34.5371
5516.6665	45.9691
5533.3335	47.6073
5550	48.0966
5566.6665	45.9534
5583.3335	40.2928
5600	33.3767
5616.6665	32.5474
5633.3335	32.1969
5650	29.9772
5666.6665	31.5957
5683.3335	32.1664
5700	25.8861
5716.6665	24.5502
5733.3335	25.7942
5750	24.6741
5766.6665	23.5607
5783.3335	23.1029
5800	22.6955
5816.6665	19.9452
5833.3335	19.6667
5850	21.4099
5866.6665	17.8169
5883.3335	16.229
5900	16.729
5916.6665	20.2347
5933.3335	30.2922
5950	43.0076
5966.6665	57.5113
5983.3335	72.3587
6000	108.7992
6016.6665	116.7794
6033.3335	95.4543
6050	71.6858
6066.6665	60.5269
6083.3335	79.4884
6100	83.9292
6116.6665	87.642
6133.3335	85.2448
6150	83.1557
6166.6665	78.4192
6183.3335	70.0322
6200	65.6525
6216.6665	61.983
6233.3335	57.0724
6250	56.1488
6266.6665	51.1473
6283.3335	46.9483
6300	45.9021
6316.6665	42.9658
6333.3335	38.3283
6350	34.3467
6366.6665	29.6571
6383.3335	25.3272
6400	24.6337
6416.6665	20.8367
6433.3335	19.1982
6450	22.1641
6466.6665	17.7623
6483.3335	17.4359
6500	18.3161
6516.6665	21.8161
6533.3335	41.0333
6550	71.4508
6566.6665	98.2796
6583.3335	99.0366
6600	79.3733
6616.6665	63.7482
6633.3335	56.7035
6650	44.0016
6666.6665	34.9814
6683.3335	35.2548
6700	46.8537
6716.6665	53.9012
6733.3335	50.5832
6750	48.4436
6766.6665	42.9777
6783.3335	39.4838
6800	37.0014
6816.6665	33.6261
6833.3335	33.7125
6850	32.233
6866.6665	29.9349
6883.3335	28.2481
6900	27.3511
6916.6665	25.7135
6933.3335	26.2848
6950	27.4602
6966.6665	23.9704
6983.3335	22.2141
7000	20.8349
7016.6665	20.6892
7033.3335	19.0928
7050	19.6948
7066.6665	17.716
7083.3335	16.5604
7100	19.6845
7116.6665	27.668
7133.3335	40.7068
7150	50.5609
7166.6665	69.1691
7183.3335	103.2731
7200	114.1482
7216.6665	99.8586
7233.3335	76.6574
7250	58.139
7266.6665	71.448
7283.3335	82.315
7300	86.3425
7316.6665	83.8951
7333.3335	83.1506
7350	78.9393
7366.6665	73.0527
7383.3335	66.7727
7400	64.5273
7416.6665	59.2658
7433.3335	54.1302
7450	52.2558
7466.6665	48.3006
7483.3335	43.2713
7500	41.1016
7516.6665	36.217
7533.3335	30.7343
7550	28.5674
7566.6665	27.0396
7583.3335	22.6568
7600	21.228
7616.6665	18.1363
7633.3335	16.15
7650	16.3911
7666.6665	14.6529
7683.3335	17.2018
7700	24.4404
7716.6665	52.2309
7733.3335	116.5725
7750	132.9221
7766.6665	92.3627
7783.3335	63.0015
7800	52.0393
7816.6665	42.5215
7833.3335	34.3785
7850	36.0154
7866.6665	45.1638
7883.3335	55.0966
7900	57.6404
7916.6665	54.9141
7933.3335	49.5251
7950	44.9688
7966.6665	41.4583
7983.3335	38.7087
8000	35.5522
8016.6665	34.5403
8033.3335	32.19
8050	33.2307
8066.6665	32.3881
8083.3335	29.3399
8100	28.1786
8116.6665	27.2238
8133.3335	25.0293
8150	24.6639
8166.6665	23.3966
8183.3335	20.5441
8200	20.2714
8216.667	19.0409
8233.333	20.1656
8250	19.4714
8266.667	17.1165
8283.333	18.5133
8300	23.3534
8316.667	33.9482
8333.333	47.1595
8350	62.536
8366.667	91.7895
8383.333	117.6861
8400	111.0903
8416.667	86.665
8433.333	62.3047
8450	62.2755
8466.667	80.4512
8483.333	84.7257
8500	81.148
8516.667	83.4202
8533.333	84.5606
8550	78.2066
8566.667	70.1534
8583.333	65.6637
8600	57.8856
8616.667	55.1257
8633.333	53.63
8650	50.2301
8666.667	46.039
8683.333	43.6416
8700	39.5423
8716.667	34.7531
8733.333	27.9145
8750	26.0299
8766.667	26.3521
8783.333	26.6308
8800	24.7189
8816.667	19.1155
8833.333	16.6249
8850	18.2739
8866.667	21.8437
8883.333	43.2463
8900	113.3637
8916.667	144.7818
8933.333	99.6432
8950	65.3003
8966.667	47.1734
8983.333	40.8308
9000	37.3034
9016.667	39.4311
9033.333	48.1052
9050	54.6581
9066.667	60.0468
9083.333	58.3066
9100	50.0037
9116.667	46.8975
9133.333	42.0174
9150	43.4299
9166.667	40.6112
9183.333	34.0232
9200	32.0733
9216.667	30.1648
9233.333	29.9946
9250	31.5924
9266.667	29.7189
9283.333	27.8075
9300	25.2732
9316.667	24.0768
9333.333	24.2012
9350	25.1665
9366.667	23.059
9383.333	21.7846
9400	21.242
9416.667	19.4724
9433.333	20.4323
9450	20.816
9466.667	20.1705
9483.333	29.4135
9500	43.8604
9516.667	60.2997
9533.333	79.0608
9550	112.3794
9566.667	122.6377
9583.333	101.8471
9600	75.1031
9616.667	66.3463
9633.333	79.0711
9650	88.6187
9666.667	89.8185
9683.333	86.533
9700	85.5786
9716.667	74.9109
9733.333	67.8282
9750	63.4907
9766.667	59.7606
9783.333	55.0393
9800	51.4765
9816.667	52.3277
9833.333	49.6356
9850	45.2729
9866.667	38.9963
9883.333	34.6721
9900	30.7057
9916.667	26.7068
9933.333	23.1814
9950	21.7854
9966.667	18.8558
9983.333	17.2564
10000	17.3431
10016.667	16.655
10033.333	16.2764
10050	17.4279
10066.667	22.1971
10083.333	40.2654
10100	72.6385
10116.667	107.6972
10133.333	100.7491
10150	75.2738
10166.667	63.05
10183.333	55.6145
10200	42.5461
10216.667	34.8798
10233.333	35.0888
10250	46.6461
10266.667	54.8913
10283.333	54.1241
10300	50.5183
10316.667	43.6584
10333.333	39.9311
10350	39.6735
10366.667	35.5035
10383.333	34.828
10400	32.8616
10416.667	30.3008
10433.333	29.4276
10450	29.9473
10466.667	27.2706
10483.333	24.6425
10500	23.3556
10516.667	21.2139
10533.333	20.5528
10550	21.6686
10566.667	19.2695
10583.333	17.6702
10600	17.1274
10616.667	16.1646
10633.333	17.9505
10650	20.9638
10666.667	25.4298
10683.333	36.6338
10700	49.4724
10716.667	62.634
10733.333	99.7387
10750	122.0416
10766.667	101.115
10783.333	77.685
10800	64.1976
10816.667	71.5141
10833.333	81.3011
10850	87.1252
10866.667	88.277
10883.333	86.6201
10900	82.3387
10916.667	69.1914
10933.333	66.5975
10950	62.6123
10966.667	59.8464
10983.333	54.665
11000	48.9292
11016.667	46.9781
11033.333	43.1496
11050	39.1843
11066.667	37.0303
11083.333	31.5877
11100	26.8852
11116.667	24.3564
11133.333	21.5176
11150	20.0942
11166.667	17.0873
11183.333	16.7825
11200	16.6679
11216.667	15.3758
11233.333	18.5622
11250	23.1537
11266.667	37.1599
11283.333	59.4505
11300	63.5735
11316.667	81.9355
11333.333	94.8651
11350	94.1519
11366.667	89.9256
11383.333	65.4893
11400	50.5967
11416.667	39.5315
11433.333	32.641
11450	43.199
11466.667	53.8595
11483.333	50.0842
11500	44.4286
11516.667	41.6555
11533.333	35.948
11550	32.8012
11566.667	31.1953
11583.333	27.8393
11600	27.0782
11616.667	25.4003
11633.333	26.2571
11650	23.6436
11666.667	20.6814
11683.333	20.8108
11700	20.8041
11716.667	19.144
11733.333	19.883
11750	21.0716
11766.667	17.7952
11783.333	19.4694
11800	18.3515
11816.667	15.5838
11833.333	19.4496
11850	20.0834
11866.667	33.8839
11883.333	48.4204
11900	59.0777
11916.667	85.0711
11933.333	106.4396
11950	101.6634
11966.667	83.9863
11983.333	60.8664
12000	64.8491
12016.667	76.9885
12033.333	81.549
12050	83.8768
12066.667	84.8088
12083.333	79.2986
12100	73.2735
12116.667	66.7581
12133.333	62.416
12150	65.4185
12166.667	61.5776
12183.333	54.6242
12200	50.2374
12216.667	46.1154
12233.333	41.4971
12250	37.9977
12266.667	32.9359
12283.333	30.0212
12300	29.2846
12316.667	26.4504
12333.333	22.6733
12350	20.153
12366.667	17.6462
12383.333	15.9918
12400	15.8215
12416.667	18.5244
12433.333	27.8451
12450	60.3452
12466.667	128.28
12483.333	135.4261
12500	88.0698
12516.667	61.1342
12533.333	43.1881
12550	39.5318
12566.667	36.6662
12583.333	41.8608
12600	51.2389
12616.667	56.7032
12633.333	58.442
12650	55.9951
12666.667	50.6123
12683.333	47.6172
12700	48.8325
12716.667	42.2268
12733.333	35.0948
12750	37.0211
12766.667	34.9581
12783.333	33.8371
12800	31.2431
12816.667	30.0246
12833.333	30.9134
12850	29.1297
12866.667	27.3297
12883.333	27.4754
12900	23.164
12916.667	24.5508
12933.333	23.1919
12950	21.5827
12966.667	20.5769
12983.333	18.3667
13000	19.0291
13016.667	24.5036
13033.333	31.1213
13050	42.6331
13066.667	51.7534
13083.333	72.4171
13100	108.7301
13116.667	126.6152
13133.333	104.3427
13150	76.0342
13166.667	63.4815
13183.333	75.5774
13200	80.7688
13216.667	85.1885
13233.333	85.6591
13250	84.9071
13266.667	81.1731
13283.333	76.3682
13300	68.1967
13316.667	58.8767
13333.333	55.5097
13350	51.2231
13366.667	49.1747
13383.333	44.981
13400	43.5636
13416.667	39.0063
13433.333	36.0761
13450	30.4091
13466.667	26.3564
13483.333	24.1264
13500	22.6727
13516.667	19.4821
13533.333	18.084
13550	16.9684
13566.667	16.9108
13583.333	19.477
13600	20.73
13616.667	25.0977
13633.333	39.9739
13650	52.2417
13666.667	67.0401
13683.333	99.7089
13700	110.9701
13716.667	109.9651
13733.333	89.9927
13750	57.7603
13766.667	39.0013
13783.333	31.5381
13800	33.0453
13816.667	41.6211
13833.333	50.9778
13850	51.5248
13866.667	45.4016
13883.333	44.1482
13900	36.7478
13916.667	32.8235
13933.333	31.1168
13950	30.2117
13966.667	29.7805
13983.333	28.137
14000	26.4475
14016.667	24.6425
14033.333	23.25
14050	23.1921
14066.667	21.5561
14083.333	21.1446
14100	19.0785
14116.667	17.5218
14133.333	18.0875
14150	17.2564
14166.667	15.9245
14183.333	18.1326
14200	20.6917
14216.667	29.0899
14233.333	40.8932
14250	52.3919
14266.667	76.2404
14283.333	102.8103
14300	105.3119
14316.667	82.449
14333.333	62.1672
14350	62.9413
14366.667	78.4838
14383.333	83.2853
14400	83.4622
14416.667	82.6526
14433.333	79.5541
14450	75.2742
14466.667	69.2676
14483.333	62.7133
14500	59.6805
14516.667	57.4368
14533.333	54.7388
14550	52.6579
14566.667	48.416
14583.333	42.9662
14600	41.0632
14616.667	36.3931
14633.333	33.445
14650	31.1627
14666.667	27.0389
14683.333	24.1396
14700	22.0135
14716.667	20.3371
14733.333	19.1879
14750	17.4442
14766.667	16.7362
14783.333	17.7189
14800	20.9062
14816.667	34.1759
14833.333	43.8224
14850	52.7687
14866.667	72.8514
14883.333	102.4529
14900	109.4201
14916.667	103.5008
14933.333	76.5962
14950	51.6411
14966.667	36.6553
14983.333	29.7976
15000	34.4341
15016.667	46.728
15033.333	51.9709
15050	45.4598
15066.667	41.7316
15083.333	40.3085
15100	36.4688
15116.667	32.9606
15133.333	30.1299
15150	30.3246
15166.667	27.2757
