0	237.2417
16.6667	199.1473
33.3333	149.6688
50	119.8314
66.6667	124.271
83.3333	142.502
100	142.7262
116.6667	130.398
133.3333	149.2617
150	171.6182
166.6667	194.7297
183.3333	222.3831
200	233.7058
216.6667	235.2814
233.3333	235.2322
250	228.3108
266.6667	205.1056
283.3333	177.5091
300	183.9966
316.6667	183.1093
333.3333	173.915
350	152.6986
366.6667	128.5773
383.3333	108.6954
400	90.5905
416.6667	76.8553
433.3333	69.3487
450	73.6465
466.6667	82.6393
483.3333	97.6588
500	109.5418
516.6667	122.2594
533.3333	126.7949
550	123.7216
566.6667	129.1121
583.3333	140.0005
600	162.7959
616.6667	192.5268
633.3333	225.3043
650	249.0737
666.6667	264.4762
683.3333	277.3446
700	275.0137
716.6667	237.6751
733.3333	287.1443
750	301.0678
766.6667	312.2954
783.3333	295.2948
800	252.2176
816.6667	194.3978
833.3333	158.4701
850	136.6951
866.6667	119.9282
883.3333	78.7345
900	100.4689
916.6667	116.3598
933.3333	102.7097
950	89.5354
966.6667	100.2215
983.3333	118.8034
1000	138.3674
1016.6667	160.2893
1033.3334	197.7199
1050	246.9863
1066.6666	288.9137
1083.3334	313.6359
1100	320.6476
1116.6666	343.9564
1133.3334	383.1146
1150	433.8202
1166.6666	496.9055
1183.3334	491.7497
1200	446.913
1216.6666	441.1477
1233.3334	477.6865
1250	496.8681
1266.6666	472.0668
1283.3334	439.304
1300	435.9681
1316.6666	428.9135
1333.3334	422.6549
1350	414.4348
1366.6666	424.2032
1383.3334	414.5868
1400	389.2272
1416.6666	370.8852
1433.3334	368.9487
1450	359.0055
1466.6666	347.7542
1483.3334	337.7688
1500	329.7512
1516.6666	342.3031
1533.3334	356.8322
1550	371.101
1566.6666	392.6517
1583.3334	404.6084
1600	389.5037
1616.6666	357.3864
1633.3334	328.2179
1650	309.8065
1666.6666	297.0366
1683.3334	268.3253
1700	243.8362
1716.6666	223.2508
1733.3334	215.7643
1750	234.375
1766.6666	249.4753
1783.3334	240.9805
1800	241.4091
1816.6666	267.4576
1833.3334	257.7108
1850	212.8063
1866.6666	195.3023
1883.3334	225.2451
1900	241.137
1916.6666	229.92
1933.3334	216.6213
1950	225.3683
1966.6666	260.8499
1983.3334	281.7844
2000	283.2139
2016.6666	284.4874
2033.3334	299.5437
2050	303.7934
2066.6667	287.8367
2083.3333	287.476
2100	283.7279
2116.6667	256.698
2133.3333	222.2311
2150	212.4614
2166.6667	231.2025
2183.3333	225.4271
2200	204.9128
2216.6667	191.1658
2233.3333	218.0877
2250	236.0007
2266.6667	213.7939
2283.3333	182.3203
2300	188.9301
2316.6667	203.4684
2333.3333	202.0868
2350	172.2702
2366.6667	148.3539
2383.3333	149.2465
2400	171.3501
2416.6667	171.825
2433.3333	183.8166
2450	220.5349
2466.6667	238.7942
2483.3333	239.7397
2500	217.7179
2516.6667	209.3112
2533.3333	190.9452
2550	173.6872
2566.6667	160.9806
2583.3333	144.2545
2600	127.7796
2616.6667	114.8579
2633.3333	111.047
2650	97.6584
2666.6667	69.8845
2683.3333	65.5847
2700	89.5649
2716.6667	97.9677
2733.3333	93.8102
2750	95.1254
2766.6667	111.3326
2783.3333	130.8258
2800	137.7534
2816.6667	135.835
2833.3333	136.5844
2850	156.6583
2866.6667	185.2944
2883.3333	217.1958
2900	238.509
2916.6667	237.162
2933.3333	236.194
2950	231.1311
2966.6667	220.3908
2983.3333	201.1017
3000	180.2934
3016.6667	166.3342
3033.3333	156.5372
3050	142.118
3066.6667	134.5231
3083.3333	120.7403
3100	104.7465
3116.6667	92.2018
3133.3333	85.2793
3150	91.9215
3166.6667	96.6552
3183.3333	101.1001
3200	104.53
3216.6667	112.7497
3233.3333	124.452
3250	131.111
3266.6667	135.9667
3283.3333	142.5465
3300	152.1001
3316.6667	166.2288
3333.3333	191.5889
3350	226.838
3366.6667	241.7809
3383.3333	240.0695
3400	232.3868
3416.6667	220.5377
3433.3333	208.2096
3450	195.2483
3466.6667	173.8888
3483.3333	162.0351
3500	149.0511
3516.6667	138.7703
3533.3333	127.3377
3550	115.1333
3566.6667	99.286
3583.3333	85.6026
3600	84.7677
3616.6667	93.3388
3633.3333	99.127
3650	105.2653
3666.6667	110.9967
3683.3333	116.5435
3700	123.3093
3716.6667	129.6261
3733.3333	136.1168
3750	145.2792
3766.6667	160.0571
3783.3333	186.8073
3800	211.5753
3816.6667	231.9331
3833.3333	229.6035
3850	221.7906
3866.6667	210.1147
3883.3333	193.4853
3900	175.307
3916.6667	162.3083
3933.3333	157.1408
3950	142.8433
3966.6667	124.6954
3983.3333	110.8429
4000	93.5979
4016.6667	69.7493
4033.3333	40.9537
4050	44.6897
4066.6667	70.6825
4083.3333	77.8517
4100	80.3247
4116.6665	83.6732
4133.3335	90.847
4150	99.3811
4166.6665	117.1035
4183.3335	136.5879
4200	152.0856
4216.6665	175.1668
4233.3335	209.0446
4250	235.2902
4266.6665	242.0205
4283.3335	236.1595
4300	227.2674
4316.6665	213.6368
4333.3335	200.7488
4350	184.5803
4366.6665	167.0274
4383.3335	156.7812
4400	143.7701
4416.6665	134.7157
4433.3335	126.4581
4450	110.8624
4466.6665	93.8659
4483.3335	81.5446
4500	87.1055
4516.6665	96.231
4533.3335	104.946
4550	109.5333
4566.6665	113.0198
4583.3335	119.4779
4600	128.2433
4616.6665	135.8778
4633.3335	141.5038
4650	148.0365
4666.6665	163.5621
4683.3335	183.8918
4700	214.3277
4716.6665	239.0361
4733.3335	239.9104
4750	235.6247
4766.6665	224.5538
4783.3335	209.9485
4800	194.2277
4816.6665	178.417
4833.3335	171.0125
4850	157.8859
4866.6665	142.1871
4883.3335	127.4882
4900	117.6196
4916.6665	100.4798
4933.3335	89.8361
4950	86.691
4966.6665	92.9481
4983.3335	98.309
5000	101.8465
5016.6665	106.3831
5033.3335	113.8934
5050	122.0727
5066.6665	126.0955
5083.3335	131.8519
5100	143.9014
5116.6665	162.7213
5133.3335	184.5007
5150	210.8617
5166.6665	236.5619
5183.3335	240.76
5200	237.5774
5216.6665	227.9167
5233.3335	213.8823
5250	202.31
5266.6665	183.3971
5283.3335	166.9097
5300	156.584
5316.6665	146.1971
5333.3335	135.4161
5350	121.377
5366.6665	105.7509
5383.3335	91.5602
5400	82.8379
5416.6665	89.2365
5433.3335	100.3208
5450	107.4204
5466.6665	107.6866
5483.3335	112.0981
5500	123.2407
5516.6665	130.4456
5533.3335	136.6911
5550	141.7921
5566.6665	150.7106
5583.3335	201.6238
5600	230.5916
5616.6665	244.7861
5633.3335	241.4063
5650	235.5469
5666.6665	223.7472
5683.3335	209.4608
5700	191.0408
5716.6665	169.0896
5733.3335	157.1631
5750	148.8083
5766.6665	139.7729
5783.3335	129.8832
5800	115.6957
5816.6665	98.8111
5833.3335	82.3226
5850	86.9128
5866.6665	96.4502
5883.3335	104.3902
5900	107.9864
5916.6665	110.9667
5933.3335	116.7802
5950	125.4599
5966.6665	131.1668
5983.3335	136.6174
6000	142.6578
6016.6665	157.0765
6033.3335	173.6927
6050	204.4357
6066.6665	239.0557
6083.3335	246.4543
6100	240.9309
6116.6665	232.6508
6133.3335	223.6815
6150	210.4996
6166.6665	191.1605
6183.3335	173.1175
6200	158.6676
6216.6665	145.483
6233.3335	138.4818
6250	129.1736
6266.6665	114.3047
6283.3335	98.2078
6300	88.0601
6316.6665	88.0226
6333.3335	97.0443
6350	102.3941
6366.6665	105.4109
6383.3335	109.6134
6400	117.6501
6416.6665	125.1187
6433.3335	134.2587
6450	139.7714
6466.6665	148.9858
6483.3335	166.2749
6500	195.152
6516.6665	226.4741
6533.3335	242.8591
6550	240.7172
6566.6665	236.4265
6583.3335	228.9552
6600	210.0778
6616.6665	196.3524
6633.3335	177.948
6650	166.26
6666.6665	154.7246
6683.3335	139.9101
6700	130.1906
6716.6665	117.5133
6733.3335	100.3712
6750	85.7827
6766.6665	84.9666
6783.3335	91.005
6800	109.4982
6816.6665	118.4897
6833.3335	118.8615
6850	108.9
6866.6665	138.7753
6883.3335	144.5757
6900	149.0565
6916.6665	148.243
6933.3335	146.5339
6950	181.6072
6966.6665	211.7252
6983.3335	233.355
7000	244.9483
7016.6665	240.1522
7033.3335	250.9915
7050	239.4576
7066.6665	213.8376
7083.3335	195.3221
7100	174.3803
7116.6665	167.5999
7133.3335	155.0055
7150	142.1642
7166.6665	131.1246
7183.3335	114.5999
7200	99.8381
7216.6665	85.5012
7233.3335	84.9366
7250	92.4292
7266.6665	97.257
7283.3335	103.7677
7300	109.2717
7316.6665	114.9769
7333.3335	123.7251
7350	133.2305
7366.6665	144.3763
7383.3335	153.9225
7400	167.5489
7416.6665	192.5171
7433.3335	218.5741
7450	241.3072
7466.6665	239.8534
7483.3335	232.2388
7500	222.8661
7516.6665	206.3206
7533.3335	196.6116
7550	178.9272
7566.6665	164.4509
7583.3335	153.3356
7600	143.8425
7616.6665	138.9813
7633.3335	127.8207
7650	110.7552
7666.6665	95.2854
7683.3335	85.0916
7700	92.7278
7716.6665	99.8604
7733.3335	106.0047
7750	108.5047
7766.6665	117.2407
7783.3335	126.4277
7800	129.32
7816.6665	135.5477
7833.3335	146.982
7850	163.0578
7866.6665	187.2959
7883.3335	220.7551
7900	242.9959
7916.6665	247.3852
7933.3335	242.493
7950	228.2041
7966.6665	212.2191
7983.3335	197.0949
8000	174.7966
8016.6665	166.4058
8033.3335	152.4227
8050	140.5619
8066.6665	128.2506
8083.3335	117.2349
8100	99.4418
8116.6665	88.4658
8133.3335	87.7123
8150	96.103
8166.6665	103.6613
8183.3335	106.8205
8200	113.4029
8216.667	120.7715
8233.333	125.3865
8250	130.3232
8266.667	137.9086
8283.333	151.55
8300	166.6107
8316.667	194.9342
8333.333	226.4469
8350	241.7242
8366.667	241.5836
8383.333	235.0138
8400	222.5087
8416.667	213.968
8433.333	200.2805
8450	178.6685
8466.667	164.8298
8483.333	156.2832
8500	147.1364
8516.667	133.9776
8533.333	116.9505
8550	100.8827
8566.667	87.1654
8583.333	90.7057
8600	97.4225
8616.667	106.784
8633.333	113.6764
8650	115.7104
8666.667	122.6566
8683.333	130.509
8700	136.956
8716.667	141.7346
8733.333	150.0653
8750	163.3954
8766.667	191.9747
8783.333	225.1084
8800	244.841
8816.667	243.6273
8833.333	239.039
8850	232.9622
8866.667	221.7978
8883.333	205.8575
8900	185.0907
8916.667	172.9303
8933.333	165.6647
8950	146.7076
8966.667	135.2405
8983.333	120.9964
9000	113.1328
9016.667	98.7003
9033.333	92.535
9050	95.9009
9066.667	99.4227
9083.333	117.5935
9100	121.442
9116.667	123.3414
9133.333	119.315
9150	131.0491
9166.667	149.6165
9183.333	159.0211
9200	167.1962
9216.667	191.6221
9233.333	229.4425
9250	251.4438
9266.667	244.3077
9283.333	238.6051
9300	235.0884
9316.667	224.9688
9333.333	202.2498
9350	180.4289
9366.667	163.575
9383.333	156.8026
9400	149.3887
9416.667	131.4511
9433.333	117.9895
9450	98.4261
9466.667	84.2485
9483.333	90.0534
9500	101.315
9516.667	105.236
9533.333	108.3361
9550	115.0158
9566.667	122.6059
9583.333	128.2735
9600	135.2158
9616.667	144.2459
9633.333	149.2187
9650	168.5614
9666.667	198.7722
9683.333	235.0919
9700	249.0778
9716.667	245.4954
9733.333	238.6535
9750	233.9442
9766.667	219.4747
9783.333	196.7825
9800	173.1233
9816.667	165.3462
9833.333	155.0452
9850	138.8242
9866.667	126.004
9883.333	114.7309
9900	101.6546
9916.667	88.3589
9933.333	89.8534
9950	98.8515
9966.667	108.8374
9983.333	111.5247
10000	111.4353
10016.667	118.6902
10033.333	125.2862
10050	133.6773
10066.667	140.8146
10083.333	149.5085
10100	159.4689
10116.667	173.439
10133.333	206.3505
10150	236.4643
10166.667	250.3169
10183.333	247.7256
10200	235.4389
10216.667	228.1057
10233.333	219.1185
10250	204.4423
10266.667	180.1214
10283.333	163.6626
10300	147.2427
10316.667	136.3004
10333.333	128.2163
10350	118.1363
10366.667	99.4077
10383.333	86.0807
10400	89.5303
10416.667	99.1279
10433.333	108.5156
10450	107.8619
10466.667	109.9287
10483.333	116.6035
10500	128.7901
10516.667	139.527
10533.333	146.1458
10550	154.0164
10566.667	166.5399
10583.333	193.6323
10600	222.531
10616.667	245.9605
10633.333	248.8774
10650	244.1231
10666.667	233.6872
10683.333	219.1774
10700	203.592
10716.667	184.6297
10733.333	167.467
10750	155.4262
10766.667	144.6707
10783.333	136.6329
10800	120.6666
10816.667	107.3357
10833.333	93.6683
10850	88.134
10866.667	95.7973
10883.333	105.7523
10900	112.1878
10916.667	115.4964
10933.333	118.4837
10950	122.8829
10966.667	133.4549
10983.333	143.8587
11000	154.2552
11016.667	167.4237
11033.333	193.6179
11050	225.7344
11066.667	247.1885
11083.333	248.4115
11100	244.192
11116.667	236.5049
11133.333	219.9472
11150	202.5005
11166.667	183.7399
11183.333	169.7135
11200	157.7044
11216.667	149.506
11233.333	139.2557
11250	125.8001
11266.667	110.1589
11283.333	94.0178
11300	88.7855
11316.667	101.3689
11333.333	110.1426
11350	114.3487
11366.667	115.8595
11383.333	121.557
11400	131.9997
11416.667	140.0989
11433.333	142.7854
11450	146.7246
11466.667	157.066
11483.333	177.697
11500	202.5465
11516.667	233.3761
11533.333	248.3733
11550	247.9995
11566.667	240.7979
11583.333	230.0141
11600	216.7242
11616.667	200.0429
11633.333	180.1195
11650	164.2441
11666.667	150.5598
11683.333	137.9837
11700	129.2355
11716.667	114.137
11733.333	102.7968
11750	92.4243
11766.667	94.1899
11783.333	102.3107
11800	106.0271
11816.667	112.4003
11833.333	114.702
11850	118.7854
11866.667	125.0881
11883.333	132.8266
11900	142.8787
11916.667	155.0227
11933.333	173.0869
11950	199.3864
11966.667	228.649
11983.333	240.6001
12000	237.9471
12016.667	230.5716
12033.333	221.1178
12050	206.0227
12066.667	191.4858
12083.333	173.2232
12100	162.8655
12116.667	151.2975
12133.333	139.3419
12150	129.3782
12166.667	114.8051
12183.333	97.6232
12200	88.0262
12216.667	98.3696
12233.333	109.3259
12250	114.7074
12266.667	117.3743
12283.333	121.8739
12300	130.4865
12316.667	137.2596
12333.333	143.7702
12350	147.9233
12366.667	158.0246
12383.333	173.2365
12400	200.108
12416.667	231.6572
12433.333	251.6389
