0	565.4313
16.6667	576.0914
33.3333	565.3441
50	549.5522
66.6667	544.0983
83.3333	550.8347
100	555.8898
116.6667	560.6662
133.3333	554.8865
150	539.9114
166.6667	533.1088
183.3333	540.0615
200	557.9197
216.6667	562.7202
233.3333	554.2727
250	541.0807
266.6667	537.007
283.3333	543.8503
300	560.7015
316.6667	572.8638
333.3333	568.8524
350	552.21
366.6667	550.4678
383.3333	568.6046
400	571.5059
416.6667	552.0708
433.3333	542.2567
450	553.2904
466.6667	563.9177
483.3333	559.4794
500	543.4979
516.6667	524.9653
533.3333	513.4572
550	510.6823
566.6667	517.3345
583.3333	523.8234
600	516.9421
616.6667	502.721
633.3333	490.2966
650	485.8995
666.6667	492.7151
683.3333	506.1548
700	517.5341
716.6667	514.9885
733.3333	504.239
750	500.8738
766.6667	509.2275
783.3333	524.7623
800	536.7952
816.6667	543.1109
833.3333	542.2706
850	535.1071
866.6667	526.7689
883.3333	537.5187
900	559.1581
916.6667	567.8673
933.3333	554.386
950	534.6914
966.6667	523.2484
983.3333	525.3072
1000	533.5551
1016.6667	534.3505
1033.3334	517.6894
1050	499.2404
1066.6666	498.8401
1083.3334	508.4559
1100	506.2525
1116.6666	488.9701
1133.3334	474.8733
1150	481.8576
1166.6666	503.6509
1183.3334	522.1881
1200	510.4374
1216.6666	479.8544
1233.3334	469.8617
1250	491.5664
1266.6666	522.5795
1283.3334	531.1111
1300	518.3298
1316.6666	504.2759
1333.3334	516.2939
1350	542.6317
1366.6666	557.0492
1383.3334	545.9718
1400	526.0421
1416.6666	512.3944
1433.3334	519.0021
1450	528.3658
1466.6666	530.2243
1483.3334	521.4814
1500	514.0032
1516.6666	512.4258
1533.3334	507.4448
1550	501.2437
1566.6666	495.1772
1583.3334	491.9212
1600	487.8652
1616.6666	487.7641
1633.3334	486.8251
1650	481.0778
1666.6666	476.5445
1683.3334	476.0294
1700	480.0259
1716.6666	480.5844
1733.3334	477.3311
1750	481.9494
1766.6666	485.2247
1783.3334	477.0748
1800	466.4922
1816.6666	459.3643
1833.3334	459.6143
1850	463.6668
1866.6666	466.8747
1883.3334	465.7757
1900	449.8613
1916.6666	432.5996
1933.3334	422.6872
1950	429.3742
1966.6666	434.1764
1983.3334	432.8798
2000	419.6631
2016.6666	410.4916
2033.3334	407.632
2050	412.1875
2066.6667	416.999
2083.3333	417.0563
2100	415.665
2116.6667	414.6423
2133.3333	418.3074
2150	420.2269
2166.6667	417.2883
2183.3333	416.9773
2200	425.0424
2216.6667	430.9563
2233.3333	429.1677
2250	432.207
2266.6667	431.8518
2283.3333	421.9037
2300	414.2076
2316.6667	419.7485
2333.3333	425.9342
2350	424.5566
2366.6667	412.0701
2383.3333	396.9635
2400	390.505
2416.6667	393.2895
2433.3333	395.4429
2450	395.6776
2466.6667	393.9627
2483.3333	393.2921
2500	391.3264
2516.6667	391.0332
2533.3333	401.3466
2550	416.693
2566.6667	428.4785
2583.3333	432.39
2600	423.8764
2616.6667	419.6782
2633.3333	424.9591
2650	432.6676
2666.6667	440.6642
2683.3333	430.6861
2700	417.1235
2716.6667	414.614
2733.3333	419.9127
2750	418.9675
2766.6667	412.9111
2783.3333	409.3258
2800	402.799
2816.6667	395.0173
2833.3333	387.9611
2850	382.8037
2866.6667	381.8987
2883.3333	384.1088
2900	378.5914
2916.6667	374.4173
2933.3333	372.7537
2950	381.0212
2966.6667	388.9172
2983.3333	388.5335
3000	378.4602
3016.6667	373.308
3033.3333	377.0783
3050	392.6722
3066.6667	405.6305
3083.3333	410.2422
3100	402.4573
3116.6667	402.127
3133.3333	408.4731
3150	417.9899
3166.6667	431.7721
3183.3333	438.555
3200	425.1165
3216.6667	393.442
3233.3333	380.5974
3250	384.4227
3266.6667	389.6839
3283.3333	385.5503
3300	365.0676
3316.6667	341.7128
3333.3333	331.3225
3350	333.6788
3366.6667	349.8423
3383.3333	339.5901
3400	312.6768
3416.6667	287.6263
3433.3333	288.8581
3450	315.0525
3466.6667	332.1924
3483.3333	311.4889
3500	270.8607
3516.6667	249.1936
3533.3333	272.2327
3550	305.3938
3566.6667	308.8795
3583.3333	276.3282
3600	248.8168
3616.6667	257.5634
3633.3333	286.3197
3650	299.0998
3666.6667	281.6557
3683.3333	244.9358
3700	211.1864
3716.6667	202.0997
3733.3333	214.9794
3750	226.8659
3766.6667	211.1703
3783.3333	184.9318
3800	172.4921
3816.6667	178.7205
3833.3333	188.4845
3850	195.7002
3866.6667	195.7634
3883.3333	187.7685
3900	177.5122
3916.6667	175.9456
3933.3333	184.3127
3950	194.3795
3966.6667	194.3373
3983.3333	185.1419
4000	176.0489
4016.6667	176.0821
4033.3333	184.9022
4050	179.4988
4066.6667	173.2955
4083.3333	173.3427
4100	166.5395
4116.6665	147.2685
4133.3335	140.5833
4150	141.112
4166.6665	136.8051
4183.3335	121.0079
4200	99.8118
4216.6665	83.0229
4233.3335	73.524
4250	65.2018
4266.6665	57.6277
4283.3335	41.1198
4300	23.1427
4316.6665	21.1213
4333.3335	33.8307
4350	42.4562
4366.6665	46.6522
4383.3335	45.456
4400	46.67
4416.6665	54.937
4433.3335	64.7346
4450	72.6093
4466.6665	80.7115
4483.3335	85.5794
4500	83.5148
4516.6665	90.9612
4533.3335	103.2369
4550	106.5282
4566.6665	105.299
4583.3335	105.9773
4600	98.383
4616.6665	92.8046
4633.3335	87.7049
4650	75.7666
4666.6665	62.1989
4683.3335	57.5984
4700	61.4586
4716.6665	65.8224
4733.3335	66.2274
4750	67.2141
4766.6665	73.8207
4783.3335	80.4736
4800	86.4946
4816.6665	91.7999
4833.3335	96.339
4850	103.4754
4866.6665	112.7806
4883.3335	113.1938
4900	108.6705
4916.6665	109.7755
4933.3335	118.9573
4950	122.4026
4966.6665	116.9106
4983.3335	119.9832
5000	124.6507
5016.6665	124.2137
5033.3335	118.0389
5050	114.4789
5066.6665	112.7239
5083.3335	115.5872
5100	110.4977
5116.6665	98.6965
5133.3335	96.4419
5150	102.4734
5166.6665	109.5821
5183.3335	108.5014
5200	102.9026
5216.6665	105.622
5233.3335	115.8173
5250	125.4723
5266.6665	127.1526
5283.3335	129.2885
5300	145.2673
5316.6665	165.9394
5333.3335	170.9843
5350	158.6971
5366.6665	141.8578
5383.3335	142.9649
5400	152.7207
5416.6665	163.4496
5433.3335	167.9413
5450	162.7968
5466.6665	151.8111
5483.3335	140.091
5500	133.2536
5516.6665	128.8009
5533.3335	130.1529
5550	131.185
5566.6665	128.0066
5583.3335	114.5984
5600	90.8472
5616.6665	78.5766
5633.3335	79.3648
5650	87.2817
5666.6665	94.4547
5683.3335	97.3484
5700	91.1077
5716.6665	83.8144
5733.3335	85.0021
5750	97.5387
5766.6665	115.5462
5783.3335	119.3063
5800	117.7761
5816.6665	122.023
5833.3335	129.7692
5850	129.6426
5866.6665	131.4341
5883.3335	149.4137
5900	159.2854
5916.6665	150.9863
5933.3335	137.7548
5950	133.0457
5966.6665	131.62
5983.3335	135.499
6000	131.4254
6016.6665	123.0134
6033.3335	109.2995
6050	99.6257
6066.6665	98.0529
6083.3335	97.1538
6100	96.2455
6116.6665	93.1244
6133.3335	92.3138
6150	91.5391
6166.6665	91.2611
6183.3335	96.2113
6200	96.7218
6216.6665	92.9147
6233.3335	91.5013
6250	105.8937
6266.6665	123.2931
6283.3335	133.7709
6300	130.3642
6316.6665	116.296
6333.3335	122.3216
6350	143.3926
6366.6665	157.3585
6383.3335	157.0658
6400	147.0629
6416.6665	135.2883
6433.3335	130.8072
6450	133.9552
6466.6665	138.6972
6483.3335	135.5477
6500	124.5225
6516.6665	112.8817
6533.3335	98.268
6550	93.9555
6566.6665	101.1656
6583.3335	104.8274
6600	99.525
6616.6665	92.1384
6633.3335	91.4477
6650	97.5331
6666.6665	106.7417
6683.3335	120.5318
6700	138.7013
6716.6665	161.2414
6733.3335	175.6995
6750	179.0747
6766.6665	171.8978
6783.3335	180.1595
6800	202.9145
6816.6665	216.6348
6833.3335	209.6618
6850	196.3947
6866.6665	187.4671
6883.3335	190.4696
6900	195.5762
6916.6665	188.5985
6933.3335	169.3076
6950	156.6737
6966.6665	153.739
6983.3335	156.9239
7000	151.5269
7016.6665	145.4919
7033.3335	139.0977
7050	143.3141
7066.6665	151.3719
7083.3335	150.0676
7100	138.7822
7116.6665	125.0293
7133.3335	122.4376
7150	135.0562
7166.6665	150.2882
7183.3335	157.7768
7200	154.6331
7216.6665	132.8679
7233.3335	120.6356
7250	126.1806
7266.6665	141.3979
7283.3335	151.9356
7300	144.6815
7316.6665	132.427
7333.3335	139.5224
7350	131.6344
7366.6665	116.2826
7383.3335	104.8583
7400	99.1672
7416.6665	99.931
7433.3335	102.2276
7450	101.2159
7466.6665	96.9435
7483.3335	98.2533
7500	102.1253
7516.6665	108.8677
7533.3335	117.6538
7550	129.793
7566.6665	143.946
7583.3335	152.7023
7600	152.5775
7616.6665	154.4824
7633.3335	163.6044
7650	185.0538
7666.6665	200.2273
7683.3335	199.5211
7700	199.9183
7716.6665	210.2358
7733.3335	220.9899
7750	229.5431
7766.6665	225.8259
7783.3335	208.6897
7800	193.9862
7816.6665	194.177
7833.3335	193.363
7850	176.4899
7866.6665	148.684
7883.3335	128.7153
7900	131.765
7916.6665	147.134
7933.3335	158.2374
7950	139.2724
7966.6665	111.2985
7983.3335	98.6033
8000	110.2232
8016.6665	133.9589
8033.3335	144.5164
8050	136.1738
8066.6665	124.6311
8083.3335	125.8958
8100	141.6132
8116.6665	156.9421
8133.3335	159.1989
8150	158.6013
8166.6665	165.7936
8183.3335	170.392
8200	176.5898
8216.667	174.8286
8233.333	161.1361
8250	146.5649
8266.667	138.0207
8283.333	137.7064
8300	141.78
8316.667	132.6871
8333.333	106.7894
8350	90.628
8366.667	90.4215
8383.333	104.6923
8400	115.5081
8416.667	111.8001
8433.333	100.6822
8450	96.6905
8466.667	102.489
8483.333	115.6128
8500	128.9061
8516.667	132.5932
8533.333	134.7029
8550	137.7615
8566.667	142.6289
8583.333	147.3109
8600	160.5997
8616.667	178.3208
8633.333	191.4173
8650	199.7849
8666.667	196.8744
8683.333	195.2244
8700	197.8392
8716.667	199.7112
8733.333	194.9051
8750	189.3277
8766.667	188.8962
8783.333	195.7014
8800	193.0531
8816.667	187.4295
8833.333	183.6944
8850	194.6265
8866.667	216.3377
8883.333	235.1076
8900	240.14
8916.667	229.7256
8933.333	218.2772
8950	235.1354
8966.667	273.7553
8983.333	308.1284
9000	311.556
9016.667	290.4872
9033.333	269.8122
9050	284.0644
9066.667	325.4814
9083.333	363.079
9100	370.9885
9116.667	356.2456
9133.333	336.9663
9150	332.1314
9166.667	341.4297
9183.333	338.4935
9200	311.2315
9216.667	292.6074
9233.333	308.3361
9250	344.0857
9266.667	352.1002
9283.333	301.3302
9300	238.8793
9316.667	215.9638
9333.333	245.9745
9350	299.122
9366.667	326.8037
9383.333	293.6282
9400	228.1158
9416.667	197.9422
9433.333	234.5354
9450	301.7844
9466.667	330.1759
9483.333	300.4785
9500	257.6515
9516.667	246.8885
9533.333	273.6119
9550	306.5377
9566.667	322.2249
9583.333	310.2386
9600	290.2088
9616.667	276.3817
9633.333	273.7064
9650	274.1711
9666.667	267.3378
9683.333	248.2076
9700	234.5126
9716.667	234.5429
9733.333	240.1672
9750	240.6344
9766.667	233.9998
9783.333	229.6692
9800	224.0333
9816.667	217.874
9833.333	222.4668
9850	237.6786
9866.667	245.3491
9883.333	232.2862
9900	221.303
9916.667	232.4569
9933.333	257.5629
9950	276.4384
9966.667	276.7366
9983.333	261.4446
10000	247.1023
10016.667	248.5086
10033.333	262.3947
10050	275.3097
10066.667	267.4845
10083.333	241.554
10100	212.4024
10116.667	191.8361
10133.333	189.7828
10150	199.4874
10166.667	208.6278
10183.333	210.3927
10200	193.8586
10216.667	172.8618
10233.333	165.5805
10250	180.6285
10266.667	202.8301
10283.333	211.0429
10300	198.4797
10316.667	179.3338
10333.333	174.9964
10350	183.9665
10366.667	195.7243
10383.333	199.6384
10400	198.4239
10416.667	209.649
10433.333	226.4051
10450	236.3085
10466.667	241.6819
10483.333	244.8495
10500	245.9329
10516.667	242.3244
10533.333	241.235
10550	241.4601
10566.667	236.5502
10583.333	225.5391
10600	216.1917
10616.667	209.8466
10633.333	209.6774
10650	220.7431
10666.667	229.9462
10683.333	225.8073
10700	217.351
10716.667	214.4758
10733.333	215.422
10750	223.3957
10766.667	234.9864
10783.333	249.0298
10800	253.1866
10816.667	248.1026
10833.333	241.5737
10850	243.2745
10866.667	268.9978
10883.333	306.8313
10900	318.2473
10916.667	309.8719
10933.333	297.0936
10950	293.4824
10966.667	303.4923
10983.333	307.4392
11000	288.4796
11016.667	259.4604
11033.333	248.1596
11050	261.0397
11066.667	277.8733
11083.333	277.0732
11100	258.2882
11116.667	249.1404
11133.333	260.514
11150	282.4099
11166.667	292.1064
11183.333	285.6041
11200	273.0878
11216.667	278.7123
11233.333	301.4245
11250	320.5086
11266.667	315.0435
11283.333	303.6133
11300	299.4703
11316.667	314.9586
11333.333	344.1784
11350	368.6021
11366.667	367.084
11383.333	357.3609
11400	346.3286
11416.667	349.1046
11433.333	351.4665
11450	343.795
11466.667	328.7484
11483.333	311.4056
11500	300.76
11516.667	291.9704
11533.333	289.9257
11550	295.4485
11566.667	299.1711
11583.333	294.318
11600	289.073
11616.667	285.8094
11633.333	288.0212
11650	300.3036
11666.667	315.394
11683.333	323.3342
11700	316.5747
11716.667	308.2513
11733.333	316.5654
11750	339.3099
11766.667	353.0911
11783.333	365.6454
11800	372.3297
11816.667	373.2559
11833.333	380.2334
11850	391.5472
11866.667	402.8641
11883.333	392.3908
11900	368.8277
11916.667	347.8587
11933.333	355.1154
11950	368.797
11966.667	364.0528
11983.333	338.048
12000	312.4949
12016.667	309.3251
12033.333	327.9518
12050	347.2975
12066.667	350.1218
12083.333	328.583
12100	307.5431
12116.667	304.7545
12133.333	326.5449
12150	355.1284
12166.667	367.8465
12183.333	360.0692
12200	343.4908
12216.667	348.3242
12233.333	386.5328
12250	430.5274
12266.667	450.9784
12283.333	454.9348
12300	453.923
12316.667	460.0438
12333.333	463.2689
12350	459.08
12366.667	449.866
12383.333	451.156
12400	454.1209
12416.667	470.844
12433.333	465.8161
12450	449.3576
12466.667	430.5768
12483.333	425.7677
12500	432.1646
12516.667	438.0397
12533.333	432.5662
12550	414.9093
12566.667	403.0438
12583.333	403.3932
12600	408.5673
12616.667	417.7664
12633.333	426.5011
12650	425.8686
12666.667	424.436
12683.333	434.5081
12700	451.7905
12716.667	454.9002
12733.333	457.7285
12750	459.6364
12766.667	458.6468
12783.333	449.8496
12800	440.4177
12816.667	434.6676
12833.333	426.3013
12850	415.3083
12866.667	402.0726
12883.333	392.6851
12900	387.4246
12916.667	389.4802
12933.333	394.382
12950	393.5652
12966.667	381.9332
12983.333	373.2824
13000	375.6404
13016.667	382.5353
13033.333	385.0779
13050	379.9464
13066.667	382.8669
13083.333	394.9807
13100	407.9585
13116.667	403.2449
13133.333	403.8429
13150	418.2927
13166.667	433.8421
13183.333	445.5337
13200	446.7711
13216.667	437.7272
13233.333	429.3791
13250	427.3108
13266.667	429.3524
13283.333	424.4885
13300	413.6939
13316.667	410.1054
13333.333	418.44
13350	422.712
13366.667	419.5933
13383.333	417.2149
13400	425.1139
13416.667	437.5461
13433.333	444.8326
13450	447.1116
13466.667	444.959
13483.333	446.2691
13500	457.2017
13516.667	475.1745
13533.333	494.2772
13550	505.8051
13566.667	498.674
13583.333	500.6968
13600	517.8946
13616.667	539.1282
13633.333	556.9025
13650	561.1323
13666.667	553.0535
13683.333	540.0936
13700	529.0656
13716.667	524.6722
13733.333	520.3091
13750	516.0355
13766.667	510.7487
13783.333	513.7943
13800	513.0796
13816.667	509.4491
13833.333	499.5045
13850	494.9285
13866.667	499.9745
13883.333	514.2286
13900	523.8975
13916.667	519.1844
13933.333	510.1939
13950	513.748
13966.667	525.2346
13983.333	534.5731
14000	538.0928
14016.667	531.486
14033.333	532.634
14050	543.6202
14066.667	550.8431
14083.333	554.7108
14100	555.6741
14116.667	554.7711
14133.333	546.2145
14150	534.5971
14166.667	521.9883
14183.333	511.5538
14200	505.6324
14216.667	499.8453
14233.333	494.8187
14250	490.4637
14266.667	481.0068
14283.333	471.4802
14300	466.6054
14316.667	472.8208
14333.333	484.2223
14350	491.0381
14366.667	487.2369
14383.333	478.2883
14400	472.9831
14416.667	478.567
14433.333	492.5648
14450	502.384
14466.667	505.4825
14483.333	505.1995
14500	508.6613
14516.667	515.5897
14533.333	525.9466
14550	534.6266
14566.667	525.8926
14583.333	511.1683
14600	503.7227
14616.667	497.3708
14633.333	492.3702
14650	487.3675
14666.667	482.5841
14683.333	469.284
14700	450.2075
14716.667	443.4532
14733.333	456.1605
14750	468.3431
14766.667	467.4442
14783.333	453.7854
14800	447.3407
14816.667	453.4579
14833.333	464.1524
14850	467.606
14866.667	466.2395
14883.333	468.541
14900	479.5084
14916.667	491.6819
14933.333	496.5484
14950	496.2679
14966.667	498.5893
14983.333	508.6733
15000	521.9169
15016.667	525.4993
15033.333	510.617
15050	485.1943
15066.667	475.5842
15083.333	479.8671
15100	483.8522
15116.667	443.8945
15133.333	423.8064
15150	431.8074
15166.667	455.962
15183.333	465.0649
15200	454.2397
15216.667	436.6455
15233.333	430.0977
15250	443.312
