0	77.5368
16.6667	80.0731
33.3333	92.4154
50	114.3309
66.6667	142.7463
83.3333	179.4123
100	203.4797
116.6667	228.9522
133.3333	246.1919
150	255.8585
166.6667	266.0482
183.3333	265.5429
200	257.8181
216.6667	245.6602
233.3333	218.0541
250	189.1553
266.6667	160.3524
283.3333	138.1673
300	121.2379
316.6667	120.531
333.3333	133.0849
350	146.1389
366.6667	159.0392
383.3333	167.0061
400	173.847
416.6667	180.5814
433.3333	186.3864
450	191.7315
466.6667	196.1084
483.3333	197.8856
500	198.3248
516.6667	198.1938
533.3333	197.9732
550	197.3877
566.6667	196.3633
583.3333	195.136
600	194.1115
616.6667	193.0956
633.3333	191.6542
650	190.0466
666.6667	188.1198
683.3333	186.3604
700	185.0258
716.6667	184.2007
733.3333	183.5806
750	181.8326
766.6667	179.9742
783.3333	177.7914
800	177.4353
816.6667	179.3756
833.3333	187.5898
850	207.2569
866.6667	221.4129
883.3333	224.9455
900	234.8917
916.6667	260.7098
933.3333	271.7712
950	270.356
966.6667	265.4633
983.3333	256.8865
1000	247.0886
1016.6667	235.3477
1033.3334	216.3727
1050	193.7665
1066.6666	171.8129
1083.3334	153.933
1100	139.394
1116.6666	125.0421
1133.3334	115.3453
1150	107.2631
1166.6666	99.865
1183.3334	93.2044
1200	88.6544
1216.6666	84.7486
1233.3334	81.852
1250	80.4668
1266.6666	78.3859
1283.3334	76.3621
1300	75.8463
1316.6666	73.9399
1333.3334	71.1149
1350	70.5471
1366.6666	70.2117
1383.3334	70.3442
1400	71.4263
1416.6666	71.3844
1433.3334	70.062
1450	69.6669
1466.6666	70.3252
1483.3334	70.0876
1500	70.5275
1516.6666	70.5686
1533.3334	70.8368
1550	70.7673
1566.6666	70.3219
1583.3334	70.2704
1600	72.2935
1616.6666	84.5622
1633.3334	137.3802
1650	179.258
1666.6666	203.0599
1683.3334	219.9451
1700	246.2629
1716.6666	252.7573
1733.3334	258.8957
1750	254.7957
1766.6666	242.7473
1783.3334	217.6384
1800	187.05
1816.6666	164.3313
1833.3334	143.7913
1850	125.7552
1866.6666	125.1853
1883.3334	135.0064
1900	147.4651
1916.6666	158.9066
1933.3334	166.5128
1950	173.3558
1966.6666	179.4696
1983.3334	187.0589
2000	194.9391
2016.6666	198.9536
2033.3334	202.3729
2050	204.5231
2066.6667	204.4517
2083.3333	202.0398
2100	199.4876
2116.6667	197.8397
2133.3333	196.493
2150	195.2085
2166.6667	194.267
2183.3333	192.4907
2200	190.821
2216.6667	189.2658
2233.3333	187.9173
2250	186.6196
2266.6667	184.6627
2283.3333	183.1479
2300	181.7946
2316.6667	181.391
2333.3333	184.2729
2350	196.1631
2366.6667	214.3427
2383.3333	226.624
2400	232.9449
2416.6667	250.2705
2433.3333	271.8707
2450	274.8486
2466.6667	272.4619
2483.3333	266.7681
2500	257.7652
2516.6667	244.0707
2533.3333	229.4328
2550	208.1623
2566.6667	179.8641
2583.3333	155.4257
2600	138.5915
2616.6667	128.0919
2633.3333	115.8024
2650	106.709
2666.6667	98.6346
2683.3333	91.7713
2700	85.3097
2716.6667	71.2662
2733.3333	65.8786
2750	60.9245
2766.6667	55.2428
2783.3333	48.864
2800	43.5191
2816.6667	38.2606
2833.3333	32.8257
2850	28.3691
2866.6667	24.2886
2883.3333	19.6514
2900	14.3058
2916.6667	8.3728
2933.3333	7.7682
2950	13.2815
2966.6667	17.2657
2983.3333	19.9141
3000	22.1521
3016.6667	24.6432
3033.3333	27.0949
3050	29.1589
3066.6667	30.0966
3083.3333	32.0391
3100	46.2671
3116.6667	71.9735
3133.3333	97.5897
3150	137.5857
3166.6667	180.1965
3183.3333	203.3746
3200	227.2593
3216.6667	245.354
3233.3333	254.1311
3250	263.5102
3266.6667	261.407
3283.3333	251.7599
3300	209.5184
3316.6667	181.7417
3333.3333	156.8207
3350	133.6985
3366.6667	118.3027
3383.3333	118.2468
3400	131.7105
3416.6667	144.2363
3433.3333	156.2196
3450	162.3165
3466.6667	168.8526
3483.3333	177.4428
3500	183.5957
3516.6667	192.324
3533.3333	195.515
3550	197.1016
3566.6667	198.0308
3583.3333	199.2045
3600	199.0903
3616.6667	198.248
3633.3333	196.7954
3650	196.0289
3666.6667	195.2292
3683.3333	194.007
3700	192.165
3716.6667	190.1294
3733.3333	188.239
3750	187.1873
3766.6667	185.966
3783.3333	185.0976
3800	183.9734
3816.6667	182.6979
3833.3333	181.9884
3850	187.233
3866.6667	203.7946
3883.3333	222.9935
3900	231.7861
3916.6667	244.5625
3933.3333	263.022
3950	282.5747
3966.6667	284.0163
3983.3333	278.433
4000	269.5284
4016.6667	259.8972
4033.3333	224.7315
4050	195.4812
4066.6667	170.871
4083.3333	151.3585
4100	135.2621
4116.6665	123.0613
4133.3335	113.7006
4150	106.4634
4166.6665	100.157
4183.3335	93.2833
4200	88.4182
4216.6665	86.1861
4233.3335	83.3791
4250	80.5246
4266.6665	80.2011
4283.3335	78.8624
4300	77.0776
4316.6665	74.727
4333.3335	73.9032
4350	73.0371
4366.6665	72.18
4383.3335	69.7785
4400	69.5838
4416.6665	69.715
4433.3335	69.9675
4450	70.3808
4466.6665	70.8443
4483.3335	71.3494
4500	71.9001
4516.6665	73.3252
4533.3335	74.3837
4550	74.5833
4566.6665	74.2077
4583.3335	73.582
4600	73.659
4616.6665	73.9563
4633.3335	76.2595
4650	88.1052
4666.6665	110.2228
4683.3335	135.1906
4700	172.2042
4716.6665	203.6889
4733.3335	224.3348
4750	246.5337
4766.6665	258.7749
4783.3335	265.4253
4800	267.3199
4816.6665	258.7844
4833.3335	245.2232
4850	223.5637
4866.6665	169.2026
4883.3335	146.0747
4900	136.0295
4916.6665	149.1182
4933.3335	161.8619
4950	178.0919
4966.6665	183.7791
4983.3335	190.3085
5000	194.9091
5016.6665	198.1413
5033.3335	201.0476
5050	204.3606
5066.6665	203.4602
5083.3335	201.4524
5100	199.394
5116.6665	197.7324
5133.3335	196.1056
5150	195.6068
5166.6665	194.7858
5183.3335	193.5401
5200	191.9814
5216.6665	190.3403
5233.3335	189.5237
5250	188.8159
5266.6665	187.6437
5283.3335	187.0165
5300	188.0823
5316.6665	198.8213
5333.3335	216.2369
5350	226.7113
5366.6665	246.5325
5383.3335	271.2872
5400	281.0739
5416.6665	279.4707
5433.3335	274.7314
5450	261.8086
5466.6665	250.9761
5483.3335	236.9172
5500	213.84
5516.6665	187.5517
5533.3335	166.4952
5550	148.8755
5566.6665	131.4214
5583.3335	117.878
5600	107.7195
5616.6665	100.3562
5633.3335	97.9184
5650	94.3634
5666.6665	91.2056
5683.3335	88.8975
5700	87.6168
5716.6665	86.0434
5733.3335	85.2186
5750	84.6634
5766.6665	82.651
5783.3335	81.4255
5800	81.9326
5816.6665	82.2066
5833.3335	81.1488
5850	81.0924
5866.6665	80.8003
5883.3335	80.9603
5900	81.9535
5916.6665	82.6884
5933.3335	82.7896
5950	82.7797
5966.6665	83.1165
5983.3335	84.0243
6000	83.8724
6016.6665	83.8641
6033.3335	84.5528
6050	88.9636
6066.6665	103.3701
6083.3335	123.5337
6100	158.7321
6116.6665	192.3074
6133.3335	214.3796
6150	233.5033
6166.6665	247.2018
6183.3335	255.0353
6200	259.7638
6216.6665	258.4735
6233.3335	249.7975
6250	234.1362
6266.6665	212.7885
6283.3335	186.7872
6300	161.1707
6316.6665	141.9862
6333.3335	127.18
6350	125.8044
6366.6665	137.9187
6383.3335	150.7464
6400	162.8591
6416.6665	169.4806
6433.3335	178.7129
6450	188.6478
6466.6665	194.1343
6483.3335	199.3971
6500	201.83
6516.6665	202.407
6533.3335	202.4144
6550	203.2872
6566.6665	202.9028
6583.3335	201.5959
6600	200.6827
6616.6665	200.1545
6633.3335	197.2072
6650	194.8979
6666.6665	192.8721
6683.3335	191.6077
6700	190.8539
6716.6665	190.1241
6733.3335	189.3832
6750	188.1818
6766.6665	186.6731
6783.3335	185.1538
6800	191.7563
6816.6665	205.2798
6833.3335	219.2424
6850	224.9205
6866.6665	230.2813
6883.3335	255.1246
6900	273.1555
6916.6665	275.6946
6933.3335	272.0452
6950	265.4823
6966.6665	258.6245
6983.3335	244.7971
7000	230.4484
7016.6665	206.7769
7033.3335	182.1615
7050	156.6902
7066.6665	140.5148
7083.3335	128.9606
7100	117.6776
7116.6665	108.4768
7133.3335	100.6906
7150	94.7133
7166.6665	90.1267
7183.3335	85.7901
7200	82.4207
7216.6665	79.7102
7233.3335	77.586
7250	75.8528
7266.6665	75.8893
7283.3335	75.4829
7300	75.4247
7316.6665	76.1288
7333.3335	75.5985
7350	73.9441
7366.6665	73.567
7383.3335	74.5237
7400	74.8702
7416.6665	74.3086
7433.3335	74.4979
7450	74.3576
7466.6665	74.4636
7483.3335	75.1983
7500	75.9013
7516.6665	76.597
7533.3335	77.6764
7550	78.4412
7566.6665	78.8414
7583.3335	82.0321
7600	94.8495
7616.6665	113.1713
7633.3335	138.6775
7650	180.5549
7666.6665	209.6724
7683.3335	245.7662
7700	256.0695
7716.6665	265.6991
7733.3335	271.8195
7750	263.303
7766.6665	252.0158
7783.3335	227.6837
7800	196.3597
7816.6665	172.0991
7833.3335	147.3609
7850	131.3669
7866.6665	126.3079
7883.3335	135.1391
7900	147.611
7916.6665	157.1106
7933.3335	167.1523
7950	175.484
7966.6665	183.6993
7983.3335	191.1576
8000	197.1481
8016.6665	199.392
8033.3335	201.4731
8050	202.0763
8066.6665	201.8228
8083.3335	201.5138
8100	200.5028
8116.6665	199.2625
8133.3335	197.886
8150	197.0484
8166.6665	195.439
8183.3335	193.6637
8200	191.8837
8216.667	190.6178
8233.333	189.4516
8250	187.626
8266.667	185.4579
8283.333	183.9597
8300	183.4308
8316.667	182.8696
8333.333	184.374
8350	192.2196
8366.667	208.0229
8383.333	227.5145
8400	241.9659
8416.667	247.8788
8433.333	270.8382
8450	284.2688
8466.667	285.2429
8483.333	281.262
8500	271.7664
8516.667	259.0992
8533.333	243.4131
8550	221.3556
8566.667	193.4902
8583.333	173.7342
8600	153.0669
8616.667	136.0197
8633.333	124.3465
8650	114.676
8666.667	105.6612
8683.333	100.3113
8700	95.7764
8716.667	92.263
8733.333	88.7037
8750	85.6049
8766.667	84.0763
8783.333	82.826
8800	81.3394
8816.667	79.62
8833.333	77.1089
8850	76.2488
8866.667	76.6033
8883.333	76.5445
8900	77.3946
8916.667	77.6791
8933.333	78.218
8950	78.3995
8966.667	79.0929
8983.333	79.5176
9000	80.8463
9016.667	81.9674
9033.333	82.2166
9050	81.667
9066.667	81.7844
9083.333	82.8948
9100	84.59
9116.667	87.3655
9133.333	102.0822
9150	125.8289
9166.667	161.8317
9183.333	197.8001
9200	216.2462
9216.667	253.916
9233.333	262.7654
9250	264.8684
9266.667	259.9335
9283.333	249.5958
9300	230.9275
9316.667	206.9896
9333.333	180.9775
9350	159.2272
9366.667	142.5829
9383.333	131.0069
9400	135.2392
9416.667	144.7447
9433.333	156.4614
9450	165.8616
9466.667	171.9807
9483.333	178.3237
9500	184.784
9516.667	190.7357
9533.333	196.5307
9550	200.0954
9566.667	203.3781
9583.333	205.195
9600	204.1084
9616.667	200.9636
9633.333	198.7495
9650	196.8304
9666.667	195.5774
9683.333	193.7811
9700	192.8503
9716.667	191.4045
9733.333	190.1284
9750	189.5032
9766.667	189.419
9783.333	188.935
9800	188.3701
9816.667	187.4406
9833.333	186.7251
9850	186.5953
9866.667	187.9085
9883.333	199.1889
9900	218.4857
9916.667	231.3759
9933.333	237.8665
9950	252.1354
9966.667	271.2107
9983.333	273.3476
10000	271.9405
10016.667	266.3893
10033.333	257.5735
10050	247.6341
10066.667	223.7066
10083.333	184.9474
10100	160.3374
10116.667	142.0455
10133.333	131.4037
10150	125.309
10166.667	117.6857
10183.333	112.4439
10200	105.7453
10216.667	97.6386
10233.333	93.6321
10250	90.5108
10266.667	88.2126
10283.333	86.3699
10300	84.4196
10316.667	82.94
10333.333	82.6102
10350	82.3937
10366.667	81.7563
10383.333	81.3438
10400	80.5625
10416.667	79.5922
10433.333	78.6376
10450	78.2917
10466.667	78.1736
10483.333	78.6251
10500	78.3524
10516.667	77.8492
10533.333	78.1639
10550	78.9571
10566.667	80.1957
10583.333	81.3777
10600	81.6175
10616.667	81.3549
10633.333	87.6737
10650	107.4257
10666.667	139.8116
10683.333	181.5749
10700	209.8321
10716.667	230.7962
10733.333	245.8916
10750	257.0086
10766.667	265.6104
10783.333	246.8046
10800	227.7705
10816.667	199.048
10833.333	174.2383
10850	154.0611
10866.667	140.1405
10883.333	133.0891
10900	139.0559
10916.667	152.0257
10933.333	161.8322
10950	171.8991
10966.667	178.7658
10983.333	186.8909
11000	193.2633
11016.667	197.831
11033.333	201.5218
11050	203.4561
11066.667	204.0221
11083.333	204.6908
11100	203.7072
11116.667	201.431
11133.333	199.2383
11150	197.5463
11166.667	196.5109
11183.333	195.6014
11200	194.6509
11216.667	193.0572
11233.333	191.7723
11250	190.9511
11266.667	190.3259
11283.333	189.7556
11300	189.3248
11316.667	188.4262
11333.333	187.5595
11350	187.1305
11366.667	189.5728
11383.333	203.3045
11400	221.5056
11416.667	230.3517
11433.333	239.7484
11450	256.8302
11466.667	277.415
11483.333	279.7531
11500	274.4282
11516.667	267.7678
11533.333	260.9381
11550	248.4829
11566.667	234.0769
11583.333	211.7245
11600	190.9194
11616.667	169.1537
11633.333	147.517
11650	137.0697
11666.667	126.3575
11683.333	116.7142
11700	110.4009
11716.667	103.7109
11733.333	101.0702
11750	98.3539
11766.667	95.6954
11783.333	93.1993
11800	90.0889
11816.667	86.9991
11833.333	84.3671
11850	82.4796
11866.667	80.8979
11883.333	78.7469
11900	77.6538
11916.667	76.883
11933.333	76.7003
11950	76.8749
11966.667	76.768
11983.333	76.327
12000	76.0877
12016.667	76.4719
12033.333	77.3497
