0	94.4846
16.6667	80.9661
33.3333	80.1841
50	78.6416
66.6667	75.5517
83.3333	71.7459
100	67.7529
116.6667	60.7935
133.3333	56.1237
150	50.9428
166.6667	44.959
183.3333	42.775
200	45.2937
216.6667	54.0576
233.3333	69.931
250	87.8807
266.6667	131.4569
283.3333	168.9613
300	140.7312
316.6667	99.8352
333.3333	76.749
350	64.7021
366.6667	54.3805
383.3333	58.1405
400	75.4848
416.6667	78.2346
433.3333	71.2668
450	66.3711
466.6667	58.4933
483.3333	54.3001
500	52.5803
516.6667	47.572
533.3333	43.9133
550	41.0554
566.6667	38.2935
583.3333	34.269
600	31.5452
616.6667	30.9365
633.3333	36.9971
650	40.1866
666.6667	50.2068
683.3333	72.1543
700	101.2731
716.6667	137.5322
733.3333	127.3855
750	102.1303
766.6667	84.555
783.3333	104.235
800	119.8795
816.6667	110.3424
833.3333	95.6007
850	95.5788
866.6667	99.4461
883.3333	90.7518
900	88.328
916.6667	84.7581
933.3333	81.8664
950	77.83
966.6667	73.2049
983.3333	65.8257
1000	62.0203
1016.6667	58.1233
1033.3334	55.5914
1050	51.5693
1066.6666	46.4552
1083.3334	45.9989
1100	49.7173
1116.6666	64.4808
1133.3334	80.8641
1150	107.9847
1166.6666	160.3614
1183.3334	159.8345
1200	116.0251
1216.6666	92.1417
1233.3334	69.8887
1250	57.1013
1266.6666	57.7028
1283.3334	68.2877
1300	75.8704
1316.6666	77.579
1333.3334	70.2648
1350	66.1009
1366.6666	59.8013
1383.3334	53.7279
1400	49.4993
1416.6666	44.3947
1433.3334	41.03
1450	37.998
1466.6666	36.5282
1483.3334	35.2575
1500	34.614
1516.6666	33.911
1533.3334	36.9288
1550	48.4402
1566.6666	73.2473
1583.3334	97.142
1600	139.7794
1616.6666	137.9111
1633.3334	114.4209
1650	87.4723
1666.6666	99.9982
1683.3334	125.0085
1700	111.811
1716.6666	93.6347
1733.3334	97.6976
1750	98.723
1766.6666	97.6726
1783.3334	94.8187
1800	82.3271
1816.6666	78.3627
1833.3334	76.6916
1850	72.3765
1866.6666	71.5748
1883.3334	61.6145
1900	58.8143
1916.6666	58.4178
1933.3334	51.6724
1950	44.2601
1966.6666	41.0566
1983.3334	43.969
2000	54.3889
2016.6666	75.9572
2033.3334	101.6752
2050	154.2654
2066.6667	169.1436
2083.3333	128.8669
2100	96.4344
2116.6667	73.4485
2133.3333	58.7837
2150	58.7235
2166.6667	61.4288
2183.3333	100.2671
2200	102.2818
2216.6667	69.7931
2233.3333	59.8738
2250	53.8728
2266.6667	60.9166
2283.3333	56.7434
2300	37.3213
2316.6667	37.6778
2333.3333	35.4171
2350	33.4631
2366.6667	31.9866
2383.3333	35.6428
2400	40.4973
2416.6667	52.1851
2433.3333	75.7313
2450	108.3467
2466.6667	138.8908
2483.3333	125.4184
2500	100.883
2516.6667	83.2528
2533.3333	108.9141
2550	117.7274
2566.6667	100.5821
2583.3333	86.3882
2600	95.0105
2616.6667	91.6509
2633.3333	89.903
2650	81.6452
2666.6667	80.3471
2683.3333	78.0604
2700	76.1659
2716.6667	72.9347
2733.3333	62.9863
2750	58.5522
2766.6667	56.6168
2783.3333	49.3407
2800	42.3756
2816.6667	39.1984
2833.3333	39.5158
2850	42.6569
2866.6667	54.8847
2883.3333	71.293
2900	96.9655
2916.6667	152.3684
2933.3333	165.683
2950	127.2512
2966.6667	91.9147
2983.3333	67.4109
3000	55.5321
3016.6667	54.0383
3033.3333	63.7741
3050	76.6821
3066.6667	81.0488
3083.3333	73.3472
3100	69.7632
3116.6667	64.3056
3133.3333	54.082
3150	51.1625
3166.6667	47.1059
3183.3333	46.3763
3200	41.4382
3216.6667	37.927
3233.3333	35.1348
3250	35.0556
3266.6667	37.0854
3283.3333	39.3769
3300	41.125
3316.6667	59.9109
3333.3333	82.5424
3350	111.7416
3366.6667	143.0427
3383.3333	127.0577
3400	116.2527
3416.6667	112.0942
3433.3333	119.0054
3450	108.2192
3466.6667	90.0747
3483.3333	101.0989
3500	94.3636
3516.6667	91.7545
3533.3333	83.82
3550	82.385
3566.6667	80.5578
3583.3333	75.8958
3600	71.1027
3616.6667	64.2149
3633.3333	58.5036
3650	52.0203
3666.6667	50.6008
3683.3333	48.0709
3700	42.0654
3716.6667	43.5866
3733.3333	49.2061
3750	64.496
3766.6667	132.1968
3783.3333	176.0572
3800	153.7491
3816.6667	114.3274
3833.3333	89.3461
3850	62.6797
3866.6667	55.0725
3883.3333	58.1191
3900	69.5761
3916.6667	82.1143
3933.3333	82.0923
3950	70.8129
3966.6667	65.0106
3983.3333	59.9698
4000	54.7387
4016.6667	46.4779
4033.3333	44.1349
4050	41.1769
4066.6667	38.4798
4083.3333	36.8911
4100	35.4898
4116.6665	33.0019
4133.3335	36.631
4150	40.1262
4166.6665	48.3555
4183.3335	67.2167
4200	91.802
4216.6665	132.671
4233.3335	139.7952
4250	110.0833
4266.6665	92.8133
4283.3335	91.1765
4300	118.6131
4316.6665	114.0007
4333.3335	93.8351
4350	99.1974
4366.6665	99.9636
4383.3335	92.8527
4400	88.1111
4416.6665	81.3384
4433.3335	81.1461
4450	80.0547
4466.6665	73.9278
4483.3335	68.8996
4500	66.3381
4516.6665	62.3977
4533.3335	57.401
4550	54.0046
4566.6665	45.1011
4583.3335	40.4727
4600	72.1169
4616.6665	90.1235
4633.3335	93.7292
4650	145.8277
4666.6665	170.9565
4683.3335	132.9738
4700	97.9974
4716.6665	77.0605
4733.3335	58.9469
4750	55.337
4766.6665	62.2985
4783.3335	74.7798
4800	80.0704
4816.6665	73.6122
4833.3335	68.9222
4850	62.1537
4866.6665	57.3917
4883.3335	55.1353
4900	49.1039
4916.6665	43.9068
4933.3335	41.1245
4950	38.6189
4966.6665	33.6628
4983.3335	33.3099
5000	31.9522
5016.6665	35.1312
5033.3335	40.9076
5050	55.6542
5066.6665	75.8031
5083.3335	117.831
5100	139.3161
5116.6665	123.5269
5133.3335	96.3713
5150	79.3668
5166.6665	116.551
5183.3335	119.2496
5200	101.4319
5216.6665	87.8777
5233.3335	97.2861
5250	98.5623
5266.6665	92.4379
5283.3335	89.4493
5300	84.4421
5316.6665	77.4497
5333.3335	76.48
5350	73.2119
5366.6665	69.5056
5383.3335	63.6786
5400	57.9353
5416.6665	50.0589
5433.3335	45.7712
5450	56.4932
5466.6665	61.8591
5483.3335	67.4782
5500	87.2893
5516.6665	127.6946
5533.3335	168.7436
5550	147.9191
5566.6665	106.8082
5583.3335	80.414
5600	63.2761
5616.6665	53.7227
5633.3335	57.7359
5650	69.734
5666.6665	75.9075
5683.3335	74.9076
5700	69.6708
5716.6665	66.7692
5733.3335	57.8353
5750	51.0696
5766.6665	44.7608
5783.3335	44.9284
5800	40.498
5816.6665	38.0187
5833.3335	35.1507
5850	32.3359
5866.6665	30.6473
5883.3335	31.7075
5900	35.8301
5916.6665	46.2157
5933.3335	68.7317
5950	92.3447
5966.6665	127.8562
5983.3335	130.7288
6000	106.3362
6016.6665	88.6764
6033.3335	93.6546
6050	121.9619
6066.6665	113.5368
6083.3335	92.3462
6100	95.9638
6116.6665	102.9463
6133.3335	103.6131
6150	92.7938
6166.6665	88.5786
6183.3335	90.9979
6200	79.2608
6216.6665	71.8071
6233.3335	68.2641
6250	66.3515
6266.6665	60.0162
6283.3335	54.5391
6300	50.9443
6316.6665	43.5599
6333.3335	42.7689
6350	45.409
6366.6665	55.4985
6383.3335	73.4126
6400	96.0302
6416.6665	144.6053
6433.3335	167.7411
6450	132.658
6466.6665	94.421
6483.3335	73.853
6500	74.9294
6516.6665	79.5473
6533.3335	74.7283
6550	77.4411
6566.6665	72.9444
6583.3335	70.828
6600	61.9642
6616.6665	57.6418
6633.3335	52.8491
6650	46.5915
6666.6665	43.6818
6683.3335	43.8019
6700	41.114
6716.6665	36.7733
6733.3335	34.4601
6750	32.1709
6766.6665	32.6432
6783.3335	36.4936
6800	41.7885
6816.6665	62.2336
6833.3335	88.4724
6850	115.7205
6866.6665	134.9902
6883.3335	115.5584
6900	94.1767
6916.6665	81.5516
6933.3335	121.4737
6950	120.5921
6966.6665	98.2297
6983.3335	88.8261
7000	97.2626
7016.6665	97.389
7033.3335	92.3481
7050	87.3572
7066.6665	81.1198
7083.3335	78.1106
7100	74.4884
7116.6665	69.488
7133.3335	65.1393
7150	59.4182
7166.6665	53.2733
7183.3335	48.6157
7200	44.821
7216.6665	43.6728
7233.3335	44.4533
7250	53.8917
7266.6665	72.4965
7283.3335	94.1042
7300	139.9368
7316.6665	167.4207
7333.3335	136.4509
7350	120.8613
7366.6665	93.6981
7383.3335	56.1669
7400	60.407
7416.6665	77.7546
7433.3335	82.6439
7450	78.8645
7466.6665	70.6981
7483.3335	68.648
7500	64.2005
7516.6665	57.6429
7533.3335	49.64
7550	45.2185
7566.6665	41.2765
7583.3335	37.8744
7600	47.5846
7616.6665	43.9261
7633.3335	33.6818
7650	39.7907
7666.6665	53.3775
7683.3335	74.1653
7700	100.3392
7716.6665	142.7588
7733.3335	127.4664
7750	107.7651
7766.6665	85.8962
7783.3335	104.8876
7800	125.6448
7816.6665	105.9033
7833.3335	89.7364
7850	94.0667
7866.6665	95.8081
7883.3335	91.7479
7900	85.3807
7916.6665	81.7478
7933.3335	76.2392
7950	77.2337
7966.6665	70.3486
7983.3335	63.1837
8000	61.9722
8016.6665	56.0406
8033.3335	50.1571
8050	43.9835
8066.6665	44.5189
8083.3335	45.579
8100	47.6644
8116.6665	62.3588
8133.3335	84.7652
8150	110.5518
8166.6665	160.4341
8183.3335	162.4719
8200	120.3767
8216.667	91.4643
8233.333	80.6838
8250	76.1446
8266.667	64.6323
8283.333	74.3998
8300	76.6911
8316.667	77.6052
8333.333	67.7321
8350	61.4153
8366.667	55.1071
8383.333	49.8436
8400	45.5126
8416.667	42.6434
8433.333	39.2602
8450	36.4865
8466.667	32.9214
8483.333	29.5415
8500	31.5577
8516.667	35.6909
8533.333	46.9208
8550	66.6507
8566.667	91.5721
8583.333	127.4297
8600	138.5978
8616.667	115.7432
8633.333	89.5419
8650	93.5301
8666.667	125.9694
8683.333	117.6853
8700	97.138
8716.667	94.6056
8733.333	96.0915
8750	90.6869
8766.667	84.314
8783.333	88.9184
8800	88.0297
8816.667	83.3405
8833.333	76.1173
8850	70.1342
8866.667	68.0396
8883.333	64.3577
8900	56.8853
8916.667	49.7732
8933.333	42.6136
8950	40.0807
8966.667	43.5507
8983.333	54.2233
9000	73.77
9016.667	91.6471
9033.333	143.5581
9050	175.5429
9066.667	135.0553
9083.333	102.8357
9100	75.932
9116.667	58.4514
9133.333	53.6939
9150	58.6569
9166.667	71.083
9183.333	77.6258
9200	94.7506
9216.667	87.4262
9233.333	55.6633
9250	52.5517
9266.667	47.5917
9283.333	46.9198
9300	43.734
9316.667	40.268
9333.333	35.815
9350	33.9796
9366.667	31.7321
9383.333	35.9638
9400	41.0705
9416.667	56.8883
9433.333	77.4509
9450	148.6529
9466.667	162.2195
9483.333	97.9586
9500	82.1621
9516.667	113.0528
9533.333	119.1258
9550	100.2451
9566.667	87.4867
9583.333	93.8607
9600	99.1461
9616.667	92.4847
9633.333	80.7982
9650	77.9785
9666.667	80.9121
9683.333	74.5706
9700	74.4227
9716.667	68.7335
9733.333	63.8909
9750	57.9523
9766.667	52.6257
9783.333	47.7859
9800	41.277
9816.667	43.378
9833.333	50.502
9850	66.6108
9866.667	81.9932
9883.333	117.0622
9900	169.1657
9916.667	158.7063
9933.333	117.3247
9950	90.1073
9966.667	65.3031
9983.333	57.029
10000	60.1678
10016.667	70.236
10033.333	80.6603
10050	74.1041
10066.667	70.5194
10083.333	66.5753
10100	70.3877
10116.667	66.2692
10133.333	48.6418
10150	44.5482
10166.667	40.1953
10183.333	37.4547
10200	37.9866
10216.667	35.3645
10233.333	32.4018
10250	37.4006
10266.667	46.8461
10283.333	66.7865
10300	91.2907
10316.667	130.4201
10333.333	141.102
10350	115.0505
10366.667	88.1085
10383.333	93.5648
10400	123.3632
10416.667	112.4733
10433.333	98.1641
10450	96.498
10466.667	99.2711
10483.333	89.5892
10500	85.2171
10516.667	79.8119
10533.333	80.8451
10550	77.8257
10566.667	110.1768
10583.333	106.6669
10600	56.3628
10616.667	49.5393
10633.333	43.9908
10650	43.8487
10666.667	45.5448
10683.333	54.2665
10700	71.5021
10716.667	94.2151
10733.333	144.4626
10750	169.3482
10766.667	134.984
10783.333	103.0206
10800	77.775
10816.667	60.5486
10833.333	54.9939
10850	62.1879
10866.667	76.3389
10883.333	77.3889
10900	78.6176
10916.667	73.5251
10933.333	62.2809
10950	58.1548
10966.667	49.0445
10983.333	45.9995
11000	46.8461
11016.667	40.3999
11033.333	35.5771
11050	34.6113
11066.667	32.3054
11083.333	30.8761
11100	54.3359
11116.667	75.0214
11133.333	88.097
11150	126.901
11166.667	139.1388
11183.333	110.4915
11200	88.7185
11216.667	84.3856
11233.333	122.0375
11250	119.8875
11266.667	94.9062
11283.333	95.0475
11300	103.6958
11316.667	100.5918
11333.333	90.8604
11350	83.969
11366.667	80.3205
11383.333	77.1023
11400	74.2621
11416.667	88.7826
11433.333	84.2124
11450	55.8259
11466.667	50.6113
11483.333	46.9712
11500	45.7125
11516.667	50.073
11533.333	64.1835
11550	82.745
11566.667	105.3336
11583.333	156.1044
11600	161.5938
11616.667	126.8503
11633.333	93.7092
11650	69.1126
11666.667	57.2021
11683.333	60.667
11700	67.5397
11716.667	79.1868
11733.333	79.6859
11750	69.718
11766.667	64.8456
11783.333	57.5199
11800	53.5993
11816.667	50.389
11833.333	47.0729
11850	39.8965
11866.667	38.4271
11883.333	36.5501
11900	31.5331
11916.667	28.0624
11933.333	29.957
11950	35.6437
11966.667	41.2105
11983.333	59.9384
12000	81.1509
12016.667	125.1784
12033.333	138.4022
12050	114.1152
12066.667	98.1025
12083.333	83.0753
12100	119.2534
12116.667	120.4205
