0	63.521
16.6667	74.6637
33.3333	84.3114
50	90.3611
66.6667	91.1527
83.3333	90.696
100	92.3654
116.6667	97.3157
133.3333	108.972
150	118.2105
166.6667	128.2014
183.3333	144.0863
200	177.6452
216.6667	174.6904
233.3333	169.5849
250	170.429
266.6667	171.638
283.3333	173.0701
300	172.728
316.6667	165.2121
333.3333	155.2125
350	143.736
366.6667	135.986
383.3333	130.0614
400	122.1619
416.6667	110.6042
433.3333	96.2433
450	81.7896
466.6667	64.6351
483.3333	51.2185
500	54.9725
516.6667	60.8482
533.3333	74.1834
550	82.9447
566.6667	86.482
583.3333	86.8818
600	86.6701
616.6667	89.4134
633.3333	97.1741
650	109.3499
666.6667	121.7192
683.3333	133.4591
700	143.4729
716.6667	173.2962
733.3333	175.4805
750	167.262
766.6667	166.2607
783.3333	165.3481
800	163.9919
816.6667	168.0645
833.3333	161.0355
850	154.9141
866.6667	148.9641
883.3333	141.875
900	133.6756
916.6667	125.8053
933.3333	114.0757
950	100.2164
966.6667	85.7921
983.3333	72.9422
1000	58.6871
1016.6667	50.9304
1033.3334	57.2735
1050	67.6049
1066.6666	76.09
1083.3334	81.429
1100	83.8531
1116.6666	84.7118
1133.3334	89.8722
1150	97.6893
1166.6666	107.8552
1183.3334	120.9905
1200	135.107
1216.6666	148.5284
1233.3334	177.2023
1250	175.3639
1266.6666	168.2054
1283.3334	166.9806
1300	167.0614
1316.6666	168.1277
1333.3334	168.6434
1350	158.5047
1366.6666	151.9023
1383.3334	143.4674
1400	136.9192
1416.6666	126.115
1433.3334	120.6807
1450	109.3554
1466.6666	95.8007
1483.3334	80.3083
1500	64.3797
1516.6666	49.5676
1533.3334	48.0564
1550	59.867
1566.6666	69.9992
1583.3334	78.2109
1600	82.1637
1616.6666	85.9782
1633.3334	88.2908
1650	89.5426
1666.6666	93.8344
1683.3334	101.3417
1700	113.3951
1716.6666	126.4531
1733.3334	135.6914
1750	161.1207
1766.6666	178.5565
1783.3334	173.0234
1800	172.3085
1816.6666	173.046
1833.3334	171.2686
1850	172.6181
1866.6666	170.8435
1883.3334	162.4294
1900	156.8905
1916.6666	148.0615
1933.3334	139.1167
1950	127.6823
1966.6666	112.7537
1983.3334	99.9493
2000	86.4807
2016.6666	73.0663
2033.3334	56.6031
2050	43.8564
2066.6667	50.5916
2083.3333	62.294
2100	74.0842
2116.6667	81.1889
2133.3333	82.6511
2150	85.6302
2166.6667	86.5616
2183.3333	89.5234
2200	97.5471
2216.6667	105.9092
2233.3333	119.3773
2250	131.0067
2266.6667	146.3131
2283.3333	168.1598
2300	172.2147
2316.6667	167.2536
2333.3333	169.8361
2350	173.3974
2366.6667	174.0133
2383.3333	171.3301
2400	160.4484
2416.6667	152.0961
2433.3333	144.7815
2450	138.584
2466.6667	130.7927
2483.3333	122.0421
2500	111.2398
2516.6667	100.2025
2533.3333	83.6126
2550	66.6438
2566.6667	51.1735
2583.3333	45.5807
2600	55.7828
2616.6667	65.5895
2633.3333	76.3018
2650	82.3536
2666.6667	87.2795
2683.3333	87.4847
2700	86.6654
2716.6667	89.5234
2733.3333	99.7875
2750	113.1039
2766.6667	125.0467
2783.3333	139.2836
2800	160.6351
2816.6667	174.333
2833.3333	168.9366
2850	171.2374
2866.6667	170.2915
2883.3333	167.8666
2900	168.8955
2916.6667	164.7037
2933.3333	151.498
2950	146.1714
2966.6667	137.1423
2983.3333	128.6962
3000	116.8087
3016.6667	104.4878
3033.3333	89.0163
3050	73.8327
3066.6667	54.1518
3083.3333	30.7487
3100	27.2194
3116.6667	46.5561
3133.3333	62.4081
3150	74.0692
3166.6667	79.8216
3183.3333	83.6991
3200	87.3732
3216.6667	91.6753
3233.3333	99.39
3250	111.3041
3266.6667	124.3817
3283.3333	137.3197
3300	158.0732
3316.6667	174.1439
3333.3333	169.4204
3350	169.2722
3366.6667	168.7704
3383.3333	166.977
3400	166.2682
3416.6667	164.0254
3433.3333	153.156
3450	146.5779
3466.6667	140.03
3483.3333	134.0486
3500	126.1977
3516.6667	119.0981
3533.3333	104.3954
3550	91.0209
3566.6667	77.756
3583.3333	61.9105
3600	49.8378
3616.6667	51.507
3633.3333	62.7886
3650	72.2899
3666.6667	79.8092
3683.3333	85.8209
3700	87.004
3716.6667	88.8961
3733.3333	95.0031
3750	101.5859
3766.6667	111.4443
3783.3333	123.8611
3800	133.6079
3816.6667	158.7963
3833.3333	173.5097
3850	173.9604
3866.6667	175.299
3883.3333	174.3867
3900	172.6
3916.6667	171.3807
3933.3333	166.7261
3950	156.8616
3966.6667	151.5157
3983.3333	148.5758
4000	139.0836
4016.6667	131.0434
4033.3333	120.6092
4050	108.1741
4066.6667	95.0247
4083.3333	79.8002
4100	65.5849
4116.6665	57.3524
4133.3335	60.3194
4150	66.8731
4166.6665	74.4198
4183.3335	83.6724
4200	88.6576
4216.6665	90.9831
4233.3335	92.0963
4250	94.0754
4266.6665	99.8436
4283.3335	110.0185
4300	124.2045
4316.6665	133.4484
4333.3335	145.5244
4350	174.686
4366.6665	174.6466
4383.3335	171.3807
4400	171.4113
4416.6665	170.9055
4433.3335	173.6619
4450	173.4904
4466.6665	162.846
4483.3335	152.7438
4500	145.6125
4516.6665	139.0679
4533.3335	132.2493
4550	121.3102
4566.6665	110.2357
4583.3335	101.2981
4600	88.5535
4616.6665	70.4182
4633.3335	56.2268
4650	54.3697
4666.6665	63.6532
4683.3335	72.2004
4700	79.1003
4716.6665	83.0707
4733.3335	87.2445
4750	91.0062
4766.6665	94.6682
4783.3335	100.2646
4800	107.4428
4816.6665	119.1745
4833.3335	129.8088
4850	153.7007
4866.6665	168.6128
4883.3335	162.4928
4900	161.0605
4916.6665	163.6687
4933.3335	165.3896
4950	165.8808
4966.6665	167.0753
4983.3335	157.983
5000	148.5642
5016.6665	138.1437
5033.3335	129.1976
5050	121.9633
5066.6665	113.096
5083.3335	102.6055
5100	91.2452
5116.6665	79.6037
5133.3335	63.7623
5150	51.7392
5166.6665	55.9573
5183.3335	64.3975
5200	71.2825
5216.6665	80.2232
5233.3335	87.7054
5250	88.0095
5266.6665	91.4293
5283.3335	95.7497
5300	102.0611
5316.6665	111.2211
5333.3335	123.6447
5350	137.5013
5366.6665	155.932
5383.3335	174.8893
5400	171.1382
5416.6665	169.1915
5433.3335	171.3676
5450	171.2815
5466.6665	170.3504
5483.3335	167.3037
5500	158.9889
5516.6665	154.0536
5533.3335	146.1765
5550	133.7121
5566.6665	126.7609
5583.3335	117.2185
5600	105.365
5616.6665	91.5444
5633.3335	75.5949
5650	60.0349
5666.6665	48.4979
5683.3335	55.5164
5700	66.7135
5716.6665	76.1768
5733.3335	83.4318
5750	89.9711
5766.6665	92.4028
5783.3335	93.6342
5800	95.4939
5816.6665	103.8176
5833.3335	118.1895
5850	131.3418
5866.6665	144.1083
5883.3335	169.1602
5900	176.7077
5916.6665	174.7292
5933.3335	174.011
5950	172.7256
5966.6665	171.9779
5983.3335	177.1797
6000	175.0949
6016.6665	160.8059
6033.3335	154.2015
6050	149.108
6066.6665	137.8136
6083.3335	126.5397
6100	117.0656
6116.6665	105.0719
6133.3335	91.4776
6150	76.0677
6166.6665	60.9269
6183.3335	56.8324
6200	67.72
6216.6665	76.3545
6233.3335	84.9055
6250	87.6536
6266.6665	91.4742
6283.3335	96.4141
6300	98.6354
6316.6665	105.3488
6333.3335	115.1657
6350	129.0497
6366.6665	139.8771
6383.3335	164.9274
6400	166.2325
6416.6665	162.8501
6433.3335	163.1507
6450	162.9151
6466.6665	161.1784
6483.3335	161.6233
6500	158.672
6516.6665	152.7839
6533.3335	149.6572
6550	143.9535
6566.6665	132.155
6583.3335	123.7028
6600	113.4795
6616.6665	101.2538
6633.3335	84.5579
6650	70.2234
6666.6665	55.4504
6683.3335	50.0185
6700	59.7483
6716.6665	72.3359
6733.3335	82.6529
6750	89.4264
6766.6665	93.2462
6783.3335	93.8268
6800	94.2926
6816.6665	97.1358
6833.3335	103.7304
6850	119.7102
6866.6665	129.4348
6883.3335	138.6118
6900	174.2552
6916.6665	176.9984
6933.3335	174.2882
6950	174.4107
6966.6665	173.3462
6983.3335	173.5353
7000	173.6731
7016.6665	166.2489
7033.3335	159.3173
7050	156.9538
7066.6665	146.1917
7083.3335	137.4283
7100	125.9188
7116.6665	113.2542
7133.3335	101.319
7150	88.4792
7166.6665	69.9394
7183.3335	55.8146
7200	50.9156
7216.6665	61.3635
7233.3335	72.5443
7250	81.6091
7266.6665	91.749
7283.3335	95.5779
7300	99.8536
7316.6665	99.727
7333.3335	104.01
7350	116.7229
7366.6665	130.4293
7383.3335	136.9537
7400	158.9421
7416.6665	170.2353
7433.3335	168.5177
7450	165.4326
7466.6665	162.4446
7483.3335	159.9876
7500	160.8947
7516.6665	162.5337
7533.3335	154.9319
7550	152.5049
7566.6665	145.2411
7583.3335	135.2365
7600	124.524
7616.6665	115.7921
7633.3335	104.8012
7650	89.9273
7666.6665	78.2964
7683.3335	63.2707
7700	56.0536
7716.6665	60.95
7733.3335	69.1331
7750	77.3998
7766.6665	86.1263
7783.3335	91.2329
7800	93.7511
7816.6665	95.1644
7833.3335	97.7529
7850	105.6592
7866.6665	116.2838
7883.3335	128.433
7900	137.8419
7916.6665	166.2442
7933.3335	167.5004
7950	161.9516
7966.6665	161.7219
7983.3335	161.1074
8000	159.2432
8016.6665	158.3985
8033.3335	151.6644
8050	145.0623
8066.6665	142.9442
8083.3335	136.2542
8100	132.081
8116.6665	123.5594
8133.3335	114.698
8150	103.086
8166.6665	89.9571
8183.3335	72.2923
8200	58.7275
8216.667	54.9731
8233.333	65.216
8250	78.7879
8266.667	87.5734
8283.333	93.6465
8300	98.7734
8316.667	99.8503
8333.333	102.5488
8350	106.2025
8366.667	112.7665
8383.333	121.613
8400	132.8836
8416.667	142.5747
8433.333	169.9064
8450	178.3988
8466.667	169.1129
8483.333	169.176
8500	169.684
8516.667	168.4628
8533.333	169.8485
8550	161.5852
8566.667	152.3755
8583.333	151.1932
8600	141.2469
8616.667	132.4901
8633.333	122.921
8650	113.3491
8666.667	100.4068
8683.333	83.6334
8700	69.8891
8716.667	56.8274
8733.333	54.3082
8750	61.1039
8766.667	71.8697
8783.333	80.0173
8800	86.8954
8816.667	90.1758
8833.333	91.1622
8850	92.4932
8866.667	95.772
8883.333	105.8698
8900	115.4992
8916.667	126.6928
8933.333	136.1704
8950	151.1796
8966.667	176.7225
8983.333	171.4241
9000	167.9872
9016.667	167.958
9033.333	167.4164
9050	170.1215
9066.667	164.1832
9083.333	154.0125
9100	149.3257
9116.667	142.7735
9133.333	135.0933
9150	124.946
9166.667	114.2558
9183.333	104.142
9200	94.8451
9216.667	77.4991
9233.333	61.3582
9250	50.9911
9266.667	56.4374
9283.333	66.4648
9300	75.5052
9316.667	85.2029
9333.333	90.562
9350	91.8765
9366.667	93.8924
9383.333	98.455
9400	108.3297
9416.667	122.9648
9433.333	135.9105
9450	149.9311
9466.667	174.8391
9483.333	168.0462
9500	165.524
9516.667	163.2711
9533.333	160.7036
9550	159.4154
9566.667	160.9214
9583.333	159.2214
9600	154.6647
9616.667	149.2312
9633.333	141.0249
9650	131.4138
9666.667	119.5529
9683.333	108.3431
9700	96.7315
9716.667	84.313
9733.333	69.4118
9750	56.3254
9766.667	57.2439
9783.333	67.7963
9800	77.158
9816.667	86.5666
9833.333	91.2005
9850	92.9285
9866.667	95.9582
9883.333	99.5187
9900	107.5798
9916.667	117.5025
9933.333	125.3514
9950	137.525
9966.667	159.9869
9983.333	170.156
10000	166.6293
10016.667	165.3357
10033.333	163.9272
10050	162.7795
10066.667	161.5968
10083.333	153.8467
10100	150.1373
10116.667	141.6146
10133.333	132.6773
10150	123.5479
10166.667	112.7924
10183.333	99.051
10200	86.1409
10216.667	73.0696
10233.333	56.1384
10250	50.0881
10266.667	59.7665
10283.333	70.9457
10300	79.5518
10316.667	86.5261
10333.333	90.13
10350	91.7389
10366.667	93.1226
10383.333	97.5819
10400	107.3815
10416.667	121.196
10433.333	128.0545
10450	146.692
10466.667	171.6223
10483.333	170.754
10500	166.5389
10516.667	164.9456
10533.333	165.8094
10550	164.4353
10566.667	165.0185
10583.333	162.8302
10600	154.1491
10616.667	145.0893
10633.333	136.2561
10650	126.2686
10666.667	115.6492
10683.333	104.2003
10700	89.4272
10716.667	73.5738
10733.333	57.2914
10750	44.8413
10766.667	50.6475
10783.333	62.4719
10800	78.1542
10816.667	86.0798
10833.333	90.5127
10850	92.3583
10866.667	94.5666
10883.333	97.6524
10900	101.8056
10916.667	109.9291
10933.333	119.1204
10950	125.4263
10966.667	137.6371
10983.333	168.4979
11000	170.9585
11016.667	167.9982
11033.333	168.068
11050	167.1626
11066.667	166.9575
11083.333	166.2605
11100	159.3635
11116.667	153.0133
11133.333	147.5437
11150	139.4488
11166.667	130.7726
11183.333	120.0662
11200	107.6987
11216.667	95.8553
11233.333	81.5915
11250	66.1701
11266.667	53.6024
11283.333	51.2978
11300	59.3766
11316.667	70.3594
11333.333	79.306
11350	88.0663
11366.667	91.7845
11383.333	93.5515
11400	95.1667
11416.667	101.3522
11433.333	110.6594
11450	127.2227
11466.667	135.4287
11483.333	156.0304
11500	175.0128
11516.667	171.2489
11533.333	171.0014
11550	172.1667
11566.667	172.8985
11583.333	175.4681
11600	173.8908
11616.667	166.2309
11633.333	158.5526
11650	150.5123
11666.667	142.1228
11683.333	134.5826
11700	123.5261
11716.667	111.0149
11733.333	96.8559
11750	79.3445
11766.667	64.9845
11783.333	53.1522
11800	55.6454
11816.667	66.4246
11833.333	78.3229
11850	87.5321
11866.667	91.7607
11883.333	96.354
11900	98.1926
11916.667	99.1487
11933.333	103.9954
11950	113.3774
11966.667	126.8406
11983.333	132.6723
12000	147.2377
12016.667	176.7442
12033.333	174.4907
12050	169.472
12066.667	169.2281
12083.333	168.4928
12100	170.9615
12116.667	171.0823
12133.333	159.6484
12150	154.5425
12166.667	150.0207
12183.333	144.253
12200	138.7233
12216.667	128.3089
12233.333	113.8368
12250	98.3868
12266.667	80.6841
12283.333	65.0715
12300	54.5443
12316.667	54.3124
12333.333	64.6834
12350	78.0281
12366.667	84.9392
12383.333	90.549
12400	95.3395
12416.667	96.1366
12433.333	99.5098
12450	104.9283
12466.667	115.6548
12483.333	127.9215
12500	139.7059
12516.667	159.9412
12533.333	180.4707
12550	175.9635
12566.667	175.5486
12583.333	176.593
12600	177.5822
12616.667	177.477
12633.333	174.3774
12650	167.2883
12666.667	161.0959
12683.333	150.2955
12700	139.3735
12716.667	128.7176
12733.333	119.1264
12750	107.8403
12766.667	93.2893
12783.333	76.4239
12800	57.82
12816.667	50.1768
12833.333	57.774
12850	68.5541
12866.667	77.986
12883.333	88.911
12900	91.6937
12916.667	93.4007
12933.333	95.8782
12950	99.9286
12966.667	106.6487
12983.333	116.3753
13000	129.4528
13016.667	141.1656
13033.333	173.6378
13050	180.3522
13066.667	175.472
13083.333	176.1315
13100	174.9903
13116.667	174.3925
13133.333	175.9788
13150	172.9838
13166.667	160.2625
13183.333	156.3
13200	147.4653
13216.667	135.9438
13233.333	128.8162
13250	116.4696
13266.667	102.8082
13283.333	88.0296
13300	72.3228
13316.667	55.9988
13333.333	50.5267
13350	58.6485
13366.667	68.6246
13383.333	79.0109
13400	87.0771
13416.667	93.2949
13433.333	95.0655
13450	97.1225
13466.667	101.483
13483.333	110.2278
13500	122.6288
13516.667	137.5646
13533.333	147.3839
13550	168.6388
13566.667	178.0817
13583.333	172.0058
13600	172.8814
13616.667	172.4412
13633.333	173.2009
13650	173.9216
13666.667	168.9035
13683.333	157.2173
13700	155.5473
13716.667	147.3627
13733.333	135.6688
13750	124.1145
13766.667	111.4384
13783.333	99.3024
13800	82.396
13816.667	67.9952
13833.333	53.2067
13850	51.9115
13866.667	62.1725
13883.333	72.1969
13900	80.8755
13916.667	86.5321
13933.333	89.9148
13950	93.7622
13966.667	96.3657
13983.333	102.5142
14000	112.4343
14016.667	124.3035
14033.333	139.205
14050	148.5682
14066.667	183.4614
14083.333	181.209
14100	175.8168
14116.667	174.5082
14133.333	172.7613
14150	170.348
14166.667	172.4099
14183.333	165.3434
14200	155.1531
14216.667	147.8903
14233.333	142.0864
14250	130.5234
14266.667	121.6321
14283.333	108.6622
14300	94.6839
14316.667	79.182
14333.333	62.1744
14350	50.7773
14366.667	50.493
14383.333	60.8782
14400	71.6181
14416.667	82.2531
14433.333	89.607
14450	95.5358
14466.667	94.8411
14483.333	96.5254
14500	99.3474
14516.667	108.9381
14533.333	125.0496
14550	135.4259
14566.667	146.4052
14583.333	174.4776
14600	172.1051
14616.667	170.8444
14633.333	171.0681
14650	171.7604
14666.667	172.2611
14683.333	172.9901
14700	162.4425
14716.667	157.2197
14733.333	149.0442
14750	140.8654
14766.667	133.0223
14783.333	126.84
14800	117.434
14816.667	102.0566
14833.333	87.4226
14850	68.5804
14866.667	53.5256
14883.333	52.296
14900	62.226
14916.667	73.8929
14933.333	82.9421
14950	88.9231
14966.667	90.1971
14983.333	94.2022
15000	97.5276
15016.667	104.6646
15033.333	114.0412
15050	127.6299
15066.667	135.9204
15083.333	169.0291
15100	174.0806
15116.667	170.8227
15133.333	168.6206
15150	168.2571
15166.667	167.6873
15183.333	169.9393
