0	10.0073
16.6667	9.9551
33.3333	14.2063
50	19.6963
66.6667	20.3253
83.3333	16.0506
100	12.0409
116.6667	8.5235
133.3333	5.5461
150	3.9514
166.6667	6.1328
183.3333	9.0203
200	12.0442
216.6667	14.4202
233.3333	21.3377
250	19.1683
266.6667	8.3608
283.3333	5.8139
300	4.8584
316.6667	4.4994
333.3333	4.2266
350	4.3614
366.6667	4.236
383.3333	3.4444
400	2.7908
416.6667	2.2503
433.3333	6.4482
450	12.1746
466.6667	20.475
483.3333	20.4035
500	13.5025
516.6667	14.7439
533.3333	19.9985
550	13.8173
566.6667	10.9399
583.3333	12.4314
600	17.9838
616.6667	20.2281
633.3333	16.9885
650	17.425
666.6667	13.1498
683.3333	5.6765
700	4.9454
716.6667	6.2626
733.3333	9.5196
750	13.2012
766.6667	14.8754
783.3333	16.0018
800	14.0394
816.6667	11.7403
833.3333	11.2489
850	8.1978
866.6667	5.1185
883.3333	8.8595
900	13.7255
916.6667	19.4182
933.3333	20.3078
950	14.6152
966.6667	10.0046
983.3333	13.0868
1000	15.6535
1016.6667	13.6733
1033.3334	10.687
1050	8.7233
1066.6666	9.9602
1083.3334	15.3462
1100	19.1995
1116.6666	18.291
1133.3334	13.8447
1150	10.8644
1166.6666	9.3889
1183.3334	5.474
1200	5.9969
1216.6666	15.0958
1233.3334	18.8048
1250	15.3429
1266.6666	14.0789
1283.3334	11.4476
1300	8.7057
1316.6666	6.2067
1333.3334	5.6249
1350	6.724
1366.6666	9.3023
1383.3334	16.355
1400	26.4816
1416.6666	19.0788
1433.3334	10.5968
1450	14.3908
1466.6666	14.6226
1483.3334	11.9766
1500	9.2017
1516.6666	16.2237
1533.3334	22.3968
1550	18.3931
1566.6666	15.3236
1583.3334	11.8485
1600	9.4842
1616.6666	7.6354
1633.3334	7.4487
1650	8.5904
1666.6666	11.0874
1683.3334	14.2591
1700	15.4069
1716.6666	14.103
1733.3334	14.1799
1750	10.3946
1766.6666	4.6991
1783.3334	4.5583
1800	4.0506
1816.6666	3.723
1833.3334	2.7473
1850	3.5105
1866.6666	6.8016
1883.3334	12.1775
1900	19.3541
1916.6666	21.2405
1933.3334	16.2811
1950	13.3978
1966.6666	15.8807
1983.3334	19.2273
2000	15.7776
2016.6666	14.0882
2033.3334	19.542
2050	19.2974
2066.6667	20.5413
2083.3333	15.6875
2100	6.7459
2116.6667	4.1554
2133.3333	4.2167
2150	6.997
2166.6667	10.9341
2183.3333	13.7895
2200	15.3675
2216.6667	15.6991
2233.3333	13.6132
2250	10.1591
2266.6667	6.8561
2283.3333	4.8296
2300	4.5039
2316.6667	4.7322
2333.3333	6.7615
2350	10.8682
2366.6667	18.9659
2383.3333	21.5681
2400	16.1333
2416.6667	13.1186
2433.3333	18.6734
2450	15.2478
2466.6667	12.1229
2483.3333	10.2019
2500	11.4289
2516.6667	16.9049
2533.3333	20.6207
2550	22.5512
2566.6667	19.171
2583.3333	8.1834
2600	3.2222
2616.6667	6.0028
2633.3333	9.8822
2650	12.5405
2666.6667	15.0685
2683.3333	15.1015
2700	12.9219
2716.6667	10.5972
2733.3333	10.2844
2750	7.8004
2766.6667	3.772
2783.3333	8.7026
2800	15.2247
2816.6667	29.585
2833.3333	20.6528
2850	13.093
2866.6667	20.0726
2883.3333	17.11
2900	9.0228
2916.6667	12.4383
2933.3333	17.9462
2950	25.398
2966.6667	23.79
2983.3333	11.354
3000	3.9815
3016.6667	4.4198
3033.3333	7.0948
3050	17.4001
3066.6667	20.5309
3083.3333	14.4362
3100	11.755
3116.6667	9.1631
3133.3333	6.5785
3150	4.7573
3166.6667	8.9263
3183.3333	14.9816
3200	19.4136
3216.6667	20.2971
3233.3333	14.2914
3250	9.4771
3266.6667	12.6227
3283.3333	15.3715
3300	13.8782
3316.6667	10.6746
3333.3333	8.1488
3350	9.3097
3366.6667	13.9294
3383.3333	18.8015
3400	18.4036
3416.6667	18.4896
3433.3333	13.295
3450	4.9681
3466.6667	3.3838
3483.3333	6.0428
3500	8.7864
3516.6667	11.4398
3533.3333	14.3905
3550	14.7909
3566.6667	13.0128
3583.3333	10.6777
3600	11.0822
3616.6667	7.7704
3633.3333	3.2758
3650	2.8891
3666.6667	2.76
3683.3333	5.5432
3700	11.0696
3716.6667	18.2059
3733.3333	25.6874
3750	16.5934
3766.6667	11.6322
3783.3333	15.458
3800	14.7569
3816.6667	14.7695
3833.3333	14.8227
3850	25.9598
3866.6667	26.1052
3883.3333	13.3177
3900	14.1753
3916.6667	8.7777
3933.3333	5.5611
3950	9.516
3966.6667	12.7749
3983.3333	15.2583
4000	20.1608
4016.6667	17.0696
4033.3333	7.5104
4050	5.7278
4066.6667	4.0354
4083.3333	3.7136
4100	6.3399
4116.6665	10.4747
4133.3335	18.0578
4150	21.4344
4166.6665	17.3939
4183.3335	12.8237
4200	15.2229
4216.6665	14.6711
4233.3335	11.5544
4250	12.8542
4266.6665	15.7644
4283.3335	18.9276
4300	19.1154
4316.6665	15.0357
4333.3335	14.5202
4350	9.9194
4366.6665	3.25
4383.3335	5.1237
4400	8.4041
4416.6665	11.2771
4433.3335	14.4835
4450	15.041
4466.6665	17.9655
4483.3335	14.0927
4500	6.0564
4516.6665	5.543
4533.3335	8.0414
4550	13.7367
4566.6665	19.4669
4583.3335	20.3858
4600	14.2242
4616.6665	10.0026
4633.3335	12.1745
4650	15.1576
4666.6665	13.2888
4683.3335	10.4828
4700	11.9546
4716.6665	22.0583
4733.3335	26.1421
4750	17.3724
4766.6665	13.3416
4783.3335	9.1777
4800	7.3622
4816.6665	5.0637
4833.3335	7.4107
4850	10.385
4866.6665	12.8544
4883.3335	14.6795
4900	13.8238
4916.6665	11.2601
4933.3335	8.3842
4950	6.0281
4966.6665	4.6215
4983.3335	3.9953
5000	4.8297
5016.6665	3.8672
5033.3335	2.0982
5050	1.8179
5066.6665	2.6767
5083.3335	6.1939
5100	22.2093
5116.6665	27.0225
5133.3335	14.4001
5150	10.2866
5166.6665	13.2037
5183.3335	15.9057
5200	14.1529
5216.6665	11.5526
5233.3335	11.4242
5250	16.1699
5266.6665	27.8209
5283.3335	24.7316
5300	11.9962
5316.6665	8.8101
5333.3335	6.4477
5350	3.6862
5366.6665	5.2891
5383.3335	7.9026
5400	11.4739
5416.6665	13.8491
5433.3335	15.7777
5450	15.073
5466.6665	12.8698
5483.3335	12.677
5500	9.0336
5516.6665	4.7575
5533.3335	7.2124
5550	12.1697
5566.6665	18.5112
5583.3335	20.8537
5600	15.3816
5616.6665	9.5269
5633.3335	12.6391
5650	15.9339
5666.6665	18.1847
5683.3335	14.3468
5700	10.3413
5716.6665	14.1334
5733.3335	18.9199
5750	18.5052
5766.6665	14.0188
5783.3335	10.9527
5800	7.9688
5816.6665	5.8724
5833.3335	4.0143
5850	5.3632
5866.6665	8.779
5883.3335	12.2224
5900	14.1005
5916.6665	20.0502
5933.3335	17.1372
5950	7.7325
5966.6665	8.1277
5983.3335	6.2445
6000	3.5911
6016.6665	6.1748
6033.3335	13.043
6050	19.1117
6066.6665	25.3016
6083.3335	16.3851
6100	12.4842
6116.6665	16.6716
6133.3335	14.5167
6150	11.4715
6166.6665	14.0601
6183.3335	19.016
6200	19.4727
6216.6665	22.7618
6233.3335	17.4098
6250	7.2687
6266.6665	4.628
6283.3335	3.5351
6300	5.994
6316.6665	9.0841
6333.3335	12.1955
6350	14.4082
6366.6665	19.6548
6383.3335	16.1919
6400	7.2937
6416.6665	5.2869
6433.3335	4.2758
6450	4.2017
6466.6665	4.625
6483.3335	6.9886
6500	11.6159
6516.6665	19.0882
6533.3335	20.1421
6550	14.1202
6566.6665	13.7038
6583.3335	19.9663
6600	14.3631
6616.6665	10.5222
6633.3335	10.0455
6650	13.832
6666.6665	18.9905
6683.3335	19.4317
6700	19.7181
6716.6665	14.9156
6733.3335	6.2374
6750	3.8217
6766.6665	4.8593
6783.3335	8.2526
6800	11.5201
6816.6665	13.7279
6833.3335	15.2668
6850	14.7077
6866.6665	11.9003
6883.3335	8.845
6900	6.2824
6916.6665	4.8101
6933.3335	4.704
6950	4.1507
6966.6665	4.3041
6983.3335	9.0426
7000	16.2341
7016.6665	21.2659
7033.3335	18.0765
7050	10.9454
7066.6665	10.1854
7083.3335	14.7362
7100	15.223
7116.6665	12.4761
7133.3335	9.5626
7150	9.7108
7166.6665	15.2801
7183.3335	19.8511
7200	25.3241
7216.6665	19.7413
7233.3335	8.4821
7250	6.0989
7266.6665	5.6877
7283.3335	8.2513
7300	11.695
7316.6665	14.2888
7333.3335	21.0882
7350	18.0516
7366.6665	11.5788
7383.3335	8.3023
7400	4.3089
7416.6665	5.3224
7433.3335	9.7267
7450	25.6687
7466.6665	27.168
7483.3335	12.6308
7500	14.9438
7516.6665	15.4964
7533.3335	12.3411
7550	9.9821
7566.6665	17.3016
7583.3335	23.2596
7600	18.1897
7616.6665	14.8259
7633.3335	11.3682
7650	8.8524
7666.6665	6.2551
7683.3335	4.9627
7700	8.1625
7716.6665	11.7569
7733.3335	14.5926
7750	21.052
7766.6665	18.5327
7783.3335	8.4607
7800	7.7619
7816.6665	6.0568
7833.3335	3.5137
7850	4.0927
7866.6665	7.8449
7883.3335	15.2777
7900	21.0744
7916.6665	21.1446
7933.3335	14.3947
7950	19.9934
7966.6665	12.3883
7983.3335	10.1492
8000	15.5477
8016.6665	21.6301
8033.3335	24.8687
8050	20.2511
8066.6665	9.9811
8083.3335	9.9938
8100	6.2126
8116.6665	7.1235
8133.3335	10.623
8150	13.5974
8166.6665	15.658
8183.3335	14.7207
8200	12.4082
8216.667	9.6672
8233.333	6.3528
8250	5.5078
8266.667	4.969
8283.333	3.284
8300	3.4941
8316.667	4.0699
8333.333	6.1824
8350	12.7727
8366.667	20.3885
8383.333	19.4505
8400	12.4293
8416.667	15.3205
8433.333	21.0066
8450	13.1677
8466.667	9.873
8483.333	10.4394
8500	15.1662
8516.667	19.1594
8533.333	18.3194
8550	14.6713
8566.667	11.7515
8583.333	8.9359
8600	6.2613
8616.667	3.8953
8633.333	5.3987
8650	8.5498
8666.667	12.2668
8683.333	14.5387
8700	15.9037
8716.667	14.1682
8733.333	11.4425
8750	10.787
8766.667	7.6542
8783.333	4.0992
8800	5.1012
8816.667	9.0872
8833.333	15.9289
8850	21.131
8866.667	18.4216
8883.333	11.9911
8900	10.0388
8916.667	13.9234
8933.333	15.7291
8950	12.5504
8966.667	9.6777
8983.333	8.717
9000	11.8203
9016.667	24.8493
9033.333	24.7293
9050	12.4975
9066.667	9.8785
9083.333	6.7283
9100	3.7408
9116.667	4.1199
9133.333	6.8847
9150	10.2921
9166.667	13.5619
9183.333	14.9998
9200	14.1847
9216.667	11.8216
9233.333	9.0752
9250	6.1758
9266.667	4.5271
9283.333	4.8219
9300	4.063
9316.667	2.8182
9333.333	6.619
9350	12.1865
9366.667	19.0325
9383.333	23.8507
9400	14.3402
9416.667	19.8
9433.333	21.4929
9450	10.9922
9466.667	9.3943
9483.333	13.5535
9500	18.615
9516.667	18.862
9533.333	15.2622
9550	11.8597
9566.667	11.0743
9583.333	7.1299
9600	4.0765
9616.667	7.3841
9633.333	10.622
9650	13.3451
9666.667	15.2161
9683.333	14.6711
9700	12.0399
9716.667	8.8511
9733.333	6.0774
9750	4.6476
9766.667	3.9967
9783.333	11.604
9800	19.6266
9816.667	20.6658
9833.333	16.5764
9850	10.1807
9866.667	10.7743
9883.333	14.5967
9900	14.7934
9916.667	11.6557
9933.333	8.6846
9950	8.0202
9966.667	11.4172
9983.333	16.3523
10000	17.9918
10016.667	15.2632
10033.333	11.7835
10050	11.0841
10066.667	6.8596
10083.333	4.4063
10100	7.2004
10116.667	10.5198
10133.333	12.9416
10150	14.6264
10166.667	13.952
10183.333	11.5572
10200	8.6975
10216.667	6.2551
10233.333	5.8124
10250	4.1288
10266.667	2.9322
10283.333	2.5108
10300	2.4969
10316.667	2.6914
10333.333	2.4332
10350	11.7748
10366.667	21.2227
10383.333	20.3834
10400	13.6789
10416.667	19.806
10433.333	24.9227
10450	10.9991
10466.667	10.5791
10483.333	15.984
10500	19.8643
10516.667	17.8899
10533.333	18.1992
10550	14.0976
10566.667	6.1164
10583.333	5.7254
10600	8.629
10616.667	11.8808
10633.333	14.514
10650	15.4695
10666.667	14.2871
10683.333	11.4253
10700	8.3547
10716.667	5.7918
10733.333	5.3269
10750	6.9852
10766.667	11.3595
10783.333	17.8808
