0	41.7566
16.6667	40.2444
33.3333	38.5482
50	34.5138
66.6667	26.7384
83.3333	17.2763
100	10.2668
116.6667	12.0531
133.3333	14.8979
150	17.1306
166.6667	18.3906
183.3333	18.718
200	18.2257
216.6667	16.2912
233.3333	15.1572
250	19.8143
266.6667	29.4666
283.3333	32.5305
300	34.4276
316.6667	36.3007
333.3333	37.5761
350	38.6516
366.6667	39.3239
383.3333	40.5421
400	41.3408
416.6667	42.2583
433.3333	43.0247
450	42.9925
466.6667	42.5432
483.3333	44.9822
500	50.6375
516.6667	54.1322
533.3333	53.4817
550	44.4945
566.6667	41.1041
583.3333	39.0734
600	35.9179
616.6667	30.4044
633.3333	21.6885
650	13.9893
666.6667	11.6417
683.3333	15.7012
700	18.2423
716.6667	18.543
733.3333	18.173
750	16.7112
766.6667	14.6244
783.3333	13.8025
800	18.9508
816.6667	24.3852
833.3333	29.3406
850	32.6353
866.6667	36.6337
883.3333	38.0252
900	38.8945
916.6667	40.1325
933.3333	43.1078
950	49.1682
966.6667	53.8106
983.3333	54.5983
1000	51.3012
1016.6667	45.8668
1033.3334	41.2841
1050	39.1796
1066.6666	36.9708
1083.3334	34.3542
1100	29.4741
1116.6666	21.9156
1133.3334	12.6421
1150	7.8213
1166.6666	9.1334
1183.3334	12.1365
1200	15.8862
1216.6666	15.4375
1233.3334	14.4737
1250	13.8354
1266.6666	18.3975
1283.3334	23.7232
1300	28.2227
1316.6666	31.6896
1333.3334	34.0769
1350	35.3741
1366.6666	37.125
1383.3334	38.4455
1400	40.4905
1416.6666	44.9882
1433.3334	53.4682
1450	51.8294
1466.6666	46.8721
1483.3334	42.2169
1500	39.1552
1516.6666	37.3651
1533.3334	36.0186
1550	25.6503
1566.6666	17.1198
1583.3334	10.1366
1600	8.812
1616.6666	10.3894
1633.3334	13.318
1650	14.0619
1666.6666	13.4998
1683.3334	11.5839
1700	10.9199
1716.6666	15.7534
1733.3334	21.8976
1750	26.6333
1766.6666	32.4816
1783.3334	34.0317
1800	35.5005
1816.6666	36.3983
1833.3334	37.2056
1850	38.2107
1866.6666	39.0049
1883.3334	39.326
1900	40.1586
1916.6666	43.5172
1933.3334	49.6395
1950	54.9553
1966.6666	52.5311
1983.3334	47.0198
2000	41.7394
2016.6666	35.7503
2033.3334	31.8242
2050	24.1381
2066.6667	14.2721
2083.3333	7.0339
2100	10.3817
2116.6667	13.7526
2133.3333	15.6566
2150	16.1745
2166.6667	15.7251
2183.3333	14.3775
2200	13.0992
2216.6667	14.9436
2233.3333	19.8219
2250	24.7986
2266.6667	28.6562
2283.3333	31.6268
2300	33.1797
2316.6667	34.187
2333.3333	35.394
2350	36.5188
2366.6667	37.9822
2383.3333	41.0547
2400	47.1705
2416.6667	52.8675
2433.3333	54.6248
2450	46.4871
2466.6667	40.9437
2483.3333	38.2502
2500	35.55
2516.6667	32.8044
2533.3333	27.2249
2550	18.0424
2566.6667	8.0958
2583.3333	5.7872
2600	12.14
2616.6667	13.254
2633.3333	12.7094
2650	10.9267
2666.6667	9.1644
2683.3333	11.7905
2700	17.7925
2716.6667	23.2246
2733.3333	27.601
2750	30.9959
2766.6667	34.6951
2783.3333	36.1497
2800	36.9433
2816.6667	39.4771
2833.3333	43.9632
2850	55.5238
2866.6667	51.4382
2883.3333	45.9862
2900	39.1641
2916.6667	36.3916
2933.3333	33.1315
2950	26.3475
2966.6667	17.2306
2983.3333	5.9531
3000	12.5903
3016.6667	14.375
3033.3333	15.0116
3050	14.8882
3066.6667	12.5888
3083.3333	15.3974
3100	20.9866
3116.6667	26.1182
3133.3333	30.0316
3150	32.6384
3166.6667	34.2188
3183.3333	35.3873
3200	39.1531
3216.6667	43.2278
3233.3333	49.7888
3250	55.0525
3266.6667	56.1305
3283.3333	52.6354
3300	46.8167
3316.6667	42.0815
3333.3333	39.1291
3350	37.0166
3366.6667	34.798
3383.3333	30.2759
3400	22.5393
3416.6667	12.9304
3433.3333	5.7472
3450	9.2425
3466.6667	11.6915
3483.3333	12.7059
3500	12.8373
3516.6667	11.65
3533.3333	9.7205
3550	12.2032
3566.6667	17.5312
3583.3333	23.0628
3600	27.7072
3616.6667	31.0398
3633.3333	34.8792
3650	36.1255
3666.6667	36.7058
3683.3333	37.4261
3700	38.1492
3716.6667	39.7175
3733.3333	42.6446
3750	48.9702
3766.6667	57.3305
3783.3333	54.8301
3800	49.2039
3816.6667	43.6816
3833.3333	40.5701
3850	34.8468
3866.6667	29.4969
3883.3333	12.6728
3900	8.2167
3916.6667	10.5767
3933.3333	17.4409
3950	17.0631
3966.6667	15.3888
3983.3333	14.1459
4000	15.9402
4016.6667	21.1008
4033.3333	30.5609
4050	33.7628
4066.6667	35.5197
4083.3333	36.9556
4100	37.8943
4116.6665	38.9179
4133.3335	40.7842
4150	44.115
4166.6665	50.7021
4183.3335	56.8208
4200	57.0526
4216.6665	51.4643
4233.3335	45.6026
4250	41.6919
4266.6665	39.2279
4283.3335	32.9141
4300	25.7909
4316.6665	17.1477
4333.3335	11.4281
4350	9.9124
4366.6665	16.0114
4383.3335	17.4252
4400	17.4261
4416.6665	15.7581
4433.3335	13.6698
4450	15.4354
4466.6665	19.3417
4483.3335	24.3065
4500	32.6666
4516.6665	34.7971
4533.3335	36.5097
4550	38.2841
4566.6665	40.9848
4583.3335	45.4204
4600	52.4035
4616.6665	57.7527
4633.3335	58.6634
4650	55.95
4666.6665	50.1429
4683.3335	45.2971
4700	42.4975
4716.6665	40.1504
4733.3335	35.7102
4750	21.7917
4766.6665	14.6925
4783.3335	11.1175
4800	13.186
4816.6665	15.5223
4833.3335	17.1378
4850	16.6765
4866.6665	16.0538
4883.3335	16.9984
4900	20.7027
4916.6665	26.0117
4933.3335	30.4471
4950	34.2691
4966.6665	36.3066
4983.3335	37.8856
5000	38.99
5016.6665	40.1066
5033.3335	41.2041
5050	41.8619
5066.6665	42.2986
5083.3335	42.4362
5100	43.4005
5116.6665	44.9693
5133.3335	55.7691
5150	61.3972
5166.6665	62.5209
5183.3335	58.8904
5200	52.4026
5216.6665	46.8277
5233.3335	43.19
5250	39.8521
5266.6665	35.0109
5283.3335	27.4885
5300	16.9787
5316.6665	16.6712
5333.3335	19.4885
5350	21.2393
5366.6665	22.3734
5383.3335	22.8432
5400	22.4436
5416.6665	20.7825
5433.3335	20.1123
5450	21.9447
5466.6665	26.899
5483.3335	31.0719
5500	34.4314
5516.6665	38.024
5533.3335	39.6622
5550	41.0091
5566.6665	43.1311
5583.3335	46.7184
5600	53.7678
5616.6665	59.8732
5633.3335	61.6736
5650	58.6652
5666.6665	52.8338
5683.3335	47.3269
5700	41.1094
5716.6665	38.6956
5733.3335	34.7166
5750	28.2737
5766.6665	20.5573
5783.3335	17.3853
5800	15.9167
5816.6665	17.5506
5833.3335	19.8184
5850	20.1073
5866.6665	20.035
5883.3335	19.1493
5900	18.8929
5916.6665	21.0482
5933.3335	24.9503
5950	33.6846
5966.6665	37.1726
5983.3335	39.0292
6000	41.3754
6016.6665	42.5199
6033.3335	43.3949
6050	45.4813
6066.6665	50.1097
6083.3335	56.9109
6100	65.306
6116.6665	61.9668
6133.3335	56.3223
6150	50.5995
6166.6665	46.6196
6183.3335	43.6008
6200	36.1688
6216.6665	28.8812
6233.3335	21.929
6250	20.0987
6266.6665	22.0728
6283.3335	23.6538
6300	24.4997
6316.6665	24.0226
6333.3335	22.85
6350	23.2526
6366.6665	24.5251
6383.3335	28.3124
6400	36.5029
6416.6665	38.931
6433.3335	40.8487
6450	41.6319
6466.6665	42.4722
6483.3335	43.8351
6500	45.2611
6516.6665	47.5532
6533.3335	51.0202
6550	58.1033
6566.6665	63.4067
6583.3335	64.3578
6600	54.6329
6616.6665	48.7585
6633.3335	45.2504
6650	42.4424
6666.6665	38.328
6683.3335	31.8445
6700	24.2739
6716.6665	21.3057
6733.3335	21.8954
6750	23.7188
6766.6665	24.8795
6783.3335	24.9545
6800	23.7589
6816.6665	22.2596
6833.3335	22.2648
6850	25.5695
6866.6665	29.8389
6883.3335	34.1686
6900	37.5832
6916.6665	40.1509
6933.3335	41.797
6950	42.9189
6966.6665	44.2616
6983.3335	45.1623
7000	46.7426
7016.6665	49.7127
7033.3335	56.1766
7050	63.7761
7066.6665	67.0879
7083.3335	65.66
7100	60.6543
7116.6665	54.8665
7133.3335	50.3515
7150	47.151
7166.6665	44.4457
7183.3335	40.368
7200	34.0662
7216.6665	27.2103
7233.3335	24.0567
7250	25.949
7266.6665	27.905
7283.3335	28.2502
7300	26.8679
7316.6665	27.2497
7333.3335	27.4094
7350	30.0217
7366.6665	38.784
7383.3335	41.909
7400	46.1515
7416.6665	46.6573
7433.3335	47.3957
7450	48.524
7466.6665	51.8594
7483.3335	65.1936
7500	66.1619
7516.6665	61.0653
7533.3335	55.4337
7550	51.7375
7566.6665	47.9976
7583.3335	44.9917
7600	34.7824
7616.6665	28.7764
7633.3335	24.711
7650	25.3738
7666.6665	26.1043
7683.3335	27.8433
7700	28.6784
7716.6665	27.8202
7733.3335	27.5895
7750	26.8427
7766.6665	29.1514
7783.3335	37.6385
7800	40.891
7816.6665	42.5641
7833.3335	44.6832
7850	45.9818
7866.6665	46.8617
7883.3335	47.2985
7900	49.9907
7916.6665	56.2659
7933.3335	63.8238
7950	66.9748
7966.6665	57.3771
7983.3335	52.8057
8000	49.434
8016.6665	46.3565
8033.3335	38.4558
8050	31.5023
8066.6665	25.5956
8083.3335	26.5223
8100	28.4576
8116.6665	30.6016
8133.3335	30.5721
8150	31.0657
8166.6665	30.2654
8183.3335	31.7463
8200	35.2105
8216.667	40.3524
8233.333	43.3843
8250	45.1475
8266.667	46.8342
8283.333	47.9969
8300	49.3224
8316.667	49.6904
8333.333	50.0804
8350	51.1215
8366.667	53.1191
8383.333	57.7271
8400	65.2971
8416.667	69.4648
8433.333	69.4744
8450	59.2466
8466.667	53.9039
8483.333	50.8265
8500	47.9783
8516.667	43.4761
8533.333	36.4386
8550	30.1776
8566.667	28.8591
8583.333	28.944
8600	29.3371
8616.667	30.944
8633.333	32.4511
8650	33.4254
8666.667	32.2148
8683.333	30.9559
8700	30.7665
8716.667	33.0506
8733.333	37.1244
8750	40.6663
8766.667	43.7716
8783.333	47.1183
8800	48.4472
8816.667	49.2617
8833.333	50.6188
8850	53.5922
8866.667	59.8573
8883.333	66.845
8900	70.4088
8916.667	69.5679
8933.333	65.2864
8950	59.6241
8966.667	54.9361
8983.333	51.6939
9000	49.3063
9016.667	46.4054
9033.333	40.988
9050	30.9647
9066.667	29.5409
9083.333	30.6887
9100	31.4881
9116.667	32.7319
9133.333	32.8883
9150	33.2851
9166.667	33.263
9183.333	33.2708
9200	34.7063
9216.667	39.2068
9233.333	42.9476
9250	46.4874
9266.667	48.5956
9283.333	50.0214
9300	50.8986
9316.667	52.3697
9333.333	52.8651
9350	53.8361
9366.667	56.2451
9383.333	60.9143
9400	67.6044
9416.667	73.7954
9433.333	70.7087
9450	59.1125
9466.667	55.0637
9483.333	51.9213
9500	48.7387
9516.667	43.0993
9533.333	39.2041
9550	35.5031
9566.667	35.4562
9583.333	36.0185
9600	37.3105
9616.667	37.6314
9633.333	37.7986
9650	37.9846
9666.667	37.6122
9683.333	38.7169
9700	41.0234
9716.667	44.6634
9733.333	47.6818
9750	49.5843
9766.667	50.6883
9783.333	51.4418
9800	52.5615
9816.667	58.5332
9833.333	64.4596
9850	70.7552
9866.667	73.0752
9883.333	71.6498
9900	66.6822
9916.667	61.1574
9933.333	56.8664
9950	53.9204
9966.667	51.6183
9983.333	49.0505
10000	43.9744
10016.667	38.7479
10033.333	34.9335
10050	34.2456
10066.667	34.6326
10083.333	35.64
10100	36.7594
10116.667	36.4688
10133.333	36.4671
10150	36.794
10166.667	39.0536
10183.333	41.9812
10200	45.9659
10216.667	48.8427
10233.333	50.8695
10250	52.1
10266.667	53.7167
10283.333	54.4296
10300	54.5843
10316.667	55.2666
10333.333	55.7852
10350	55.8503
10366.667	56.8637
10383.333	62.5784
10400	69.874
10416.667	75.4407
10433.333	75.4846
10450	61.2085
10466.667	56.9585
10483.333	54.3233
10500	49.8707
10516.667	45.1303
10533.333	40.2332
10550	38.993
10566.667	39.9905
10583.333	40.4855
10600	41.1498
10616.667	41.9486
10633.333	42.4692
10650	41.3788
10666.667	43.0689
10683.333	46.1007
10700	49.6343
10716.667	52.443
10733.333	53.56
10750	55.2995
10766.667	56.4501
10783.333	59.0664
10800	63.4556
10816.667	68.8447
