0	82.4872
16.6667	97.113
33.3333	105.7008
50	117.9617
66.6667	137.99
83.3333	165.125
100	175.3839
116.6667	179.982
133.3333	182.063
150	188.0588
166.6667	188.7907
183.3333	182.7585
200	170.2695
216.6667	153.1209
233.3333	141.3743
250	129.6713
266.6667	116.6841
283.3333	106.435
300	95.2064
316.6667	87.2201
333.3333	77.6665
350	62.7096
366.6667	50.0203
383.3333	42.1897
400	37.8874
416.6667	42.3676
433.3333	51.3015
450	60.7161
466.6667	69.2541
483.3333	74.7376
500	80.7354
516.6667	87.8097
533.3333	96.3769
550	103.4529
566.6667	114.9277
583.3333	136.8052
600	169.4265
616.6667	186.4712
633.3333	183.1923
650	185.7222
666.6667	190.0775
683.3333	192.3422
700	187.4321
716.6667	170.4986
733.3333	153.0995
750	140.559
766.6667	128.258
783.3333	116.3299
800	109.8185
816.6667	101.9122
833.3333	93.1588
850	78.1369
866.6667	65.3371
883.3333	46.9843
900	25.0985
916.6667	23.2474
933.3333	39.4891
950	51.3441
966.6667	60.4236
983.3333	66.6132
1000	75.784
1016.6667	83.9762
1033.3334	89.3502
1050	98.1518
1066.6666	113.5517
1083.3334	132.1999
1100	164.6664
1116.6666	175.1492
1133.3334	179.346
1150	182.0115
1166.6666	188.6571
1183.3334	190.7087
1200	184.0829
1216.6666	172.1131
1233.3334	155.4893
1250	140.7993
1266.6666	132.8204
1283.3334	121.8251
1300	106.7715
1316.6666	99.6776
1333.3334	88.8386
1350	75.165
1366.6666	62.6286
1383.3334	53.4721
1400	46.9078
1416.6666	44.0031
1433.3334	47.9624
1450	58.3288
1466.6666	66.5628
1483.3334	74.0354
1500	80.8947
1516.6666	85.3905
1533.3334	89.7365
1550	94.8856
1566.6666	102.4687
1583.3334	112.6405
1600	132.1324
1616.6666	157.0451
1633.3334	178.627
1650	182.3554
1666.6666	186.073
1683.3334	191.7075
1700	198.3134
1716.6666	194.7976
1733.3334	181.7655
1750	165.5881
1766.6666	148.6697
1783.3334	131.6314
1800	119.3074
1816.6666	112.6654
1833.3334	105.7838
1850	92.3506
1866.6666	79.9402
1883.3334	69.426
1900	56.7466
1916.6666	46.6688
1933.3334	41.2735
1950	44.9246
1966.6666	52.0644
1983.3334	60.2145
2000	68.4761
2016.6666	73.7169
2033.3334	77.2804
2050	82.393
2066.6667	90.2491
2083.3333	98.2138
2100	107.1285
2116.6667	124.6532
2133.3333	153.2528
2150	177.6216
2166.6667	181.0573
2183.3333	184.6318
2200	187.6559
2216.6667	190.817
2233.3333	188.8059
2250	176.0811
2266.6667	161.2861
2283.3333	145.6026
2300	133.2482
2316.6667	122.7472
2333.3333	112.5417
2350	104.0961
2366.6667	96.4225
2383.3333	84.8684
2400	71.3001
2416.6667	61.0338
2433.3333	50.4271
2450	43.5556
2466.6667	43.0898
2483.3333	49.8427
2500	59.6275
2516.6667	67.317
2533.3333	73.5788
2550	80.3697
2566.6667	86.2447
2583.3333	92.933
2600	98.2186
2616.6667	108.0021
2633.3333	127.3927
2650	152.7692
2666.6667	177.8607
2683.3333	180.7956
2700	181.4009
2716.6667	186.143
2733.3333	193.4992
2750	192.8496
2766.6667	180.1903
2783.3333	162.9802
2800	148.2503
2816.6667	137.7786
2833.3333	123.8124
2850	112.3303
2866.6667	106.9528
2883.3333	101.0678
2900	90.6999
2916.6667	77.7749
2933.3333	66.3695
2950	57.1311
2966.6667	48.8908
2983.3333	48.8986
3000	55.9893
3016.6667	63.5467
3033.3333	69.8985
3050	75.6297
3066.6667	79.0831
3083.3333	83.9561
3100	89.7031
3116.6667	96.4342
3133.3333	105.5543
3150	124.5695
3166.6667	154.3592
3183.3333	182.1938
3200	183.0857
3216.6667	184.7682
3233.3333	186.6418
3250	192.4267
3266.6667	192.9687
3283.3333	179.8806
3300	164.5848
3316.6667	146.7876
3333.3333	135.7484
3350	124.6646
3366.6667	112.2467
3383.3333	100.2857
3400	91.422
3416.6667	82.746
3433.3333	72.6225
3450	61.5042
3466.6667	52.8821
3483.3333	48.8378
3500	49.7439
3516.6667	56.6471
3533.3333	65.0737
3550	70.1165
3566.6667	74.718
3583.3333	80.1165
3600	84.6241
3616.6667	92.7776
3633.3333	98.9148
3650	105.4959
3666.6667	121.7425
3683.3333	146.605
3700	173.3208
3716.6667	178.2739
3733.3333	181.6703
3750	184.0926
3766.6667	189.2112
3783.3333	190.8152
3800	184.9487
3816.6667	166.0027
3833.3333	149.8761
3850	136.7395
3866.6667	120.9429
3883.3333	114.3783
3900	105.6944
3916.6667	98.3413
3933.3333	88.7251
3950	75.5777
3966.6667	62.2544
3983.3333	53.8176
4000	47.5555
4016.6667	45.2864
4033.3333	50.2336
4050	56.2524
4066.6667	64.0031
4083.3333	70.828
4100	76.6975
4116.6665	81.5409
4133.3335	87.1914
4150	93.391
4166.6665	100.2063
4183.3335	109.6413
4200	128.2178
4216.6665	160.5504
4233.3335	178.384
4250	184.465
4266.6665	183.5719
4283.3335	189.4597
4300	195.4542
4316.6665	191.4238
4333.3335	174.3027
4350	160.6591
4366.6665	146.9861
4383.3335	134.84
4400	122.0833
4416.6665	111.2208
4433.3335	102.7053
4450	94.7202
4466.6665	83.8713
4483.3335	67.5053
4500	56.13
4516.6665	45.4472
4533.3335	41.0886
4550	45.1791
4566.6665	51.6702
4583.3335	61.8338
4600	69.2912
4616.6665	73.4222
4633.3335	76.9171
4650	80.8649
4666.6665	90.7372
4683.3335	96.3396
4700	101.4275
4716.6665	114.7534
4733.3335	139.4197
4750	167.9306
4766.6665	184.6239
4783.3335	185.091
4800	183.6929
4816.6665	187.839
4833.3335	190.4124
4850	183.4437
4866.6665	169.5148
4883.3335	153.7309
4900	139.6862
4916.6665	125.2886
4933.3335	110.7582
4950	105.5779
4966.6665	97.7789
4983.3335	90.0733
5000	79.1853
5016.6665	66.9752
5033.3335	55.2008
5050	49.2608
5066.6665	46.8407
5083.3335	52.3295
5100	58.9317
5116.6665	65.3633
5133.3335	71.489
5150	76.0408
5166.6665	80.228
5183.3335	85.648
5200	90.6404
5216.6665	97.6266
5233.3335	112.5181
5250	132.7664
5266.6665	163.7295
5283.3335	176.011
5300	183.9659
5316.6665	185.1084
5333.3335	188.9469
5350	192.0406
5366.6665	187.9118
5383.3335	173.5226
5400	156.87
5416.6665	139.1896
5433.3335	126.9316
5450	116.7905
5466.6665	109.5149
5483.3335	103.2887
5500	95.5181
5516.6665	81.6426
5533.3335	69.1557
5550	60.8896
5566.6665	53.6943
5583.3335	50.9894
5600	54.4044
5616.6665	61.5581
5633.3335	67.3624
5650	73.713
5666.6665	80.1191
5683.3335	84.4072
5700	88.8528
5716.6665	97.1839
5733.3335	102.0376
5750	130.57
5766.6665	152.0022
5783.3335	177.4119
5800	182.696
5816.6665	182.9979
5833.3335	186.0186
5850	192.098
5866.6665	190.7393
5883.3335	178.2012
5900	159.4997
5916.6665	143.5219
5933.3335	134.1351
5950	125.1359
5966.6665	112.8114
5983.3335	101.8372
6000	92.9057
6016.6665	84.1311
6033.3335	69.2641
6050	60.0265
6066.6665	50.6497
6083.3335	45.4016
6100	45.8305
6116.6665	53.0484
6133.3335	63.2102
6150	71.5843
6166.6665	76.9196
6183.3335	79.1747
6200	83.831
6216.6665	92.5233
6233.3335	98.7183
6250	104.6269
6266.6665	119.4397
6283.3335	149.0594
6300	179.9522
6316.6665	186.3645
6333.3335	185.8945
6350	184.3438
6366.6665	190.2815
6383.3335	191.9368
6400	184.0376
6416.6665	167.6863
6433.3335	150.0306
6450	138.599
6466.6665	125.7164
6483.3335	116.0239
6500	109.0854
6516.6665	98.211
6533.3335	92.2873
6550	80.3071
6566.6665	66.0204
6583.3335	53.3694
6600	45.3238
6616.6665	42.4707
6633.3335	46.0744
6650	54.6824
6666.6665	62.6487
6683.3335	70.1147
6700	74.8378
6716.6665	79.7397
6733.3335	87.6667
6750	94.642
6766.6665	100.1755
6783.3335	114.7284
6800	137.3677
6816.6665	167.7794
6833.3335	177.4904
6850	180.6228
6866.6665	183.743
6883.3335	188.2662
6900	188.3563
6916.6665	181.1791
6933.3335	164.9534
6950	153.2855
6966.6665	138.8827
6983.3335	126.2775
7000	117.9227
7016.6665	110.1491
7033.3335	100.1806
7050	88.1095
7066.6665	78.1362
7083.3335	65.6118
7100	52.8572
7116.6665	46.8658
7133.3335	49.1972
7150	54.8704
7166.6665	62.3319
7183.3335	68.347
7200	73.9398
7216.6665	77.6135
7233.3335	84.1351
7250	90.6596
7266.6665	99.8635
7283.3335	107.0506
7300	120.6767
7316.6665	137.7224
7333.3335	166.147
7350	176.4283
7366.6665	181.0959
7383.3335	187.369
7400	192.4486
7416.6665	194.5718
7433.3335	186.1247
7450	166.7345
7466.6665	149.4676
7483.3335	137.4183
7500	128.1898
7516.6665	117.6363
7533.3335	103.684
7550	95.816
7566.6665	87.2437
7583.3335	79.0403
7600	65.7345
7616.6665	54.355
7633.3335	48.1761
7650	45.9915
7666.6665	48.215
7683.3335	53.8966
7700	62.1382
7716.6665	71.9834
7733.3335	76.357
7750	82.1992
7766.6665	89.1395
7783.3335	93.9958
7800	98.5775
7816.6665	108.4594
7833.3335	129.5548
7850	155.884
7866.6665	176.7119
7883.3335	177.6167
7900	179.8285
7916.6665	185.1204
7933.3335	190.8466
7950	187.3531
7966.6665	175.7549
7983.3335	159.3143
8000	143.377
8016.6665	136.2797
8033.3335	123.6924
8050	116.5204
8066.6665	102.9025
8083.3335	90.2308
8100	82.8416
8116.6665	71.2786
8133.3335	61.366
8150	54.7789
8166.6665	50.4199
8183.3335	51.9855
8200	56.7826
8216.667	64.1271
8233.333	73.4561
8250	79.7902
8266.667	84.1067
8283.333	87.535
8300	93.6894
8316.667	100.4004
8333.333	104.9394
8350	116.826
8366.667	138.3403
8383.333	169.2452
8400	182.9565
8416.667	189.1035
8433.333	190.3538
8450	194.9788
8466.667	198.3093
8483.333	190.8789
8500	174.8388
8516.667	157.0278
8533.333	141.3245
8550	129.0953
8566.667	117.6484
8583.333	112.0539
8600	103.4032
8616.667	91.1308
8633.333	79.251
8650	70.8843
8666.667	59.6469
8683.333	51.1083
8700	46.725
8716.667	47.9194
8733.333	56.6224
8750	63.6015
8766.667	69.5197
8783.333	76.0011
8800	84.123
8816.667	90.092
8833.333	97.4159
8850	102.8374
8866.667	109.2984
8883.333	124.5127
8900	146.4106
8916.667	172.1966
8933.333	181.9553
8950	184.1723
8966.667	187.3331
8983.333	190.4446
9000	191.3707
9016.667	183.8827
9033.333	166.3276
9050	152.0099
9066.667	138.5449
9083.333	129.2476
9100	117.9253
9116.667	109.2212
9133.333	98.4159
9150	88.8253
9166.667	76.609
9183.333	61.7787
9200	52.8327
9216.667	47.8206
9233.333	47.7531
9250	53.4311
9266.667	62.3035
9283.333	70.246
9300	77.062
9316.667	81.4394
9333.333	86.6043
9350	92.7625
9366.667	96.8531
9383.333	101.0348
9400	108.0134
9416.667	129.8528
9433.333	158.3949
9450	181.5183
9466.667	184.5283
9483.333	186.1292
9500	191.5507
9516.667	196.6466
9533.333	192.2327
9550	176.3919
9566.667	161.9072
9583.333	148.8233
9600	137.4108
9616.667	126.0429
9633.333	112.7445
9650	102.1328
9666.667	95.2721
9683.333	85.2454
9700	71.5924
9716.667	59.9193
9733.333	48.8796
9750	47.0032
9766.667	48.4195
9783.333	55.7739
9800	64.3867
9816.667	70.9276
9833.333	75.1514
9850	79.3111
9866.667	85.9958
9883.333	92.9186
9900	100.4059
9916.667	106.6076
9933.333	122.1023
9950	147.8297
9966.667	175.1796
9983.333	179.6823
10000	183.7108
10016.667	185.9328
10033.333	192.9542
10050	197.3536
10066.667	189.2532
10083.333	171.2401
10100	153.0867
10116.667	137.8092
10133.333	130.5909
10150	120.6512
10166.667	110.627
10183.333	98.3915
10200	87.5387
10216.667	78.4543
10233.333	68.1996
10250	56.8003
10266.667	49.9374
10283.333	48.6512
10300	54.0124
10316.667	61.1746
10333.333	68.6869
10350	75.7075
10366.667	79.4002
10383.333	83.1141
10400	89.8842
10416.667	95.9997
10433.333	103.2865
10450	112.7799
10466.667	128.9493
10483.333	159.9173
10500	182.9994
10516.667	188.508
10533.333	193.559
10550	196.1982
10566.667	198.7977
10583.333	194.2156
10600	181.3509
10616.667	163.2797
10633.333	148.1823
10650	134.4505
10666.667	124.2339
10683.333	116.916
10700	105.8429
10716.667	95.0251
10733.333	84.9223
10750	73.2437
10766.667	64.9281
10783.333	58.6863
10800	53.1294
10816.667	52.3472
10833.333	57.1073
10850	65.1346
10866.667	70.0439
10883.333	76.0454
10900	81.2093
10916.667	87.8541
10933.333	93.0416
10950	98.0515
10966.667	103.4586
10983.333	119.204
11000	144.6133
11016.667	171.0874
11033.333	181.3925
11050	188.2795
11066.667	190.7941
11083.333	196.3531
11100	196.0843
11116.667	188.8578
11133.333	172.6476
11150	153.8877
11166.667	142.9593
11183.333	129.9475
11200	119.6744
11216.667	111.5735
11233.333	101.1054
11250	90.1489
11266.667	76.4815
11283.333	64.5377
11300	54.9633
11316.667	48.8002
11333.333	47.4588
11350	51.9072
11366.667	60.0629
11383.333	67.2461
11400	74.3069
11416.667	80.0977
11433.333	83.3698
11450	91.2976
11466.667	97.8873
11483.333	103.0227
11500	115.3674
11516.667	137.017
11533.333	169.4329
11550	182.2302
11566.667	179.6319
11583.333	183.8394
11600	187.8719
11616.667	189.29
11633.333	182.7662
11650	169.5467
11666.667	156.0042
11683.333	146.8258
11700	138.0459
11716.667	122.2746
11733.333	107.2598
11750	94.7618
11766.667	86.3401
11783.333	80.086
11800	68.5643
11816.667	57.9126
11833.333	49.7073
11850	48.5774
11866.667	51.1688
11883.333	57.5807
11900	65.0316
11916.667	71.1964
11933.333	76.453
11950	81.9028
11966.667	90.2887
11983.333	98.1998
12000	106.1491
12016.667	116.5938
12033.333	133.8748
12050	164.3075
12066.667	183.6331
12083.333	185.2542
12100	185.4208
12116.667	188.4903
12133.333	190.6497
12150	185.1153
12166.667	171.0998
12183.333	156.8768
12200	140.689
12216.667	130.239
12233.333	117.7395
12250	108.0987
12266.667	100.1634
12283.333	93.8243
12300	83.6449
12316.667	72.2744
12333.333	63.2697
12350	55.464
12366.667	51.7561
12383.333	52.7092
12400	59.4564
12416.667	66.3455
12433.333	73.9104
12450	79.9307
12466.667	84.5606
12483.333	90.4719
12500	95.8242
12516.667	100.7665
12533.333	113.2303
12550	135.488
12566.667	163.897
12583.333	180.902
12600	183.912
12616.667	186.0169
12633.333	191.7286
12650	196.8499
12666.667	192.8827
12683.333	177.4277
12700	161.0373
12716.667	146.6617
12733.333	136.8751
12750	125.0344
12766.667	113.1419
12783.333	103.9169
12800	97.5563
12816.667	90.066
12833.333	77.2532
12850	61.971
12866.667	54.3041
12883.333	51.2767
12900	52.7187
12916.667	58.1803
12933.333	65.6666
12950	70.9357
12966.667	74.316
12983.333	78.1994
13000	85.4682
13016.667	92.9785
13033.333	98.7294
13050	109.7642
13066.667	128.3613
13083.333	154.9908
13100	177.5881
13116.667	181.4312
13133.333	181.2229
13150	184.3871
13166.667	192.8224
13183.333	191.2091
13200	176.9706
13216.667	161.1185
13233.333	146.1815
13250	131.7729
13266.667	122.5468
13283.333	115.7633
13300	107.7024
13316.667	97.5281
13333.333	84.9181
13350	75.0829
13366.667	64.6606
13383.333	57.3151
13400	53.7852
13416.667	54.8466
13433.333	61.3094
13450	67.3047
13466.667	72.6682
13483.333	78.6389
13500	83.2376
13516.667	88.6026
13533.333	94.4851
13550	101.9253
13566.667	112.2772
13583.333	130.7804
13600	158.4106
13616.667	175.6543
13633.333	182.4445
13650	188.7641
13666.667	192.2639
13683.333	197.3672
13700	196.6986
13716.667	183.7068
13733.333	164.833
13750	146.8534
13766.667	138.4713
13783.333	124.4881
13800	116.0034
13816.667	110.3214
13833.333	99.1587
13850	89.3925
13866.667	72.8989
13883.333	62.3668
13900	57.9945
13916.667	53.5052
13933.333	54.4434
13950	58.8449
13966.667	64.294
13983.333	70.6907
14000	76.3465
14016.667	80.7579
14033.333	86.9426
14050	92.731
14066.667	95.9165
14083.333	106.9522
14100	128.5796
14116.667	156.1561
14133.333	178.1926
14150	179.3274
14166.667	185.8075
14183.333	191.151
14200	195.7126
14216.667	190.9234
14233.333	174.8241
14250	158.9607
14266.667	143.3355
14283.333	129.0771
14300	120.8038
14316.667	111.8201
14333.333	106.467
14350	95.5724
14366.667	87.2077
14383.333	74.8015
14400	64.9668
14416.667	57.2234
14433.333	54.9105
14450	56.5843
14466.667	59.7145
14483.333	65.0229
14500	69.9807
14516.667	75.7905
14533.333	79.1286
14550	83.7869
14566.667	90.6242
14583.333	98.2257
14600	108.4361
14616.667	129.8378
14633.333	156.1355
14650	181.4512
14666.667	183.7899
14683.333	185.303
14700	190.0455
14716.667	193.0313
14733.333	189.4221
14750	176.0427
14766.667	160.3038
14783.333	144.662
14800	134.0138
14816.667	123.6521
14833.333	113.2429
14850	103.5439
14866.667	93.5095
14883.333	85.2131
14900	76.6445
14916.667	67.0088
14933.333	59.5413
14950	55.6577
14966.667	55.1769
14983.333	61.0129
15000	65.3307
15016.667	71.2557
15033.333	77.5191
15050	81.9762
15066.667	86.9924
15083.333	93.7764
15100	101.4522
15116.667	115.9673
15133.333	138.6405
15150	165.5754
15166.667	180.8685
15183.333	184.0316
15200	189.5709
15216.667	191.9747
15233.333	192.9327
15250	187.5797
