0	80.3413
16.6667	80.2585
33.3333	83.1138
50	88.7595
66.6667	103.9144
83.3333	121.2875
100	142.3573
116.6667	156.9515
133.3333	161.1546
150	163.8533
166.6667	158.5063
183.3333	152.6998
200	146.4134
216.6667	138.947
233.3333	134.4808
250	131.1672
266.6667	130.273
283.3333	127.1677
300	122.6344
316.6667	123.6767
333.3333	127.8483
350	137.0554
366.6667	141.8395
383.3333	146.2002
400	151.6308
416.6667	155.833
433.3333	158.6551
450	159.8628
466.6667	160.0027
483.3333	157.6216
500	156.6223
516.6667	155.9463
533.3333	154.8064
550	153.4693
566.6667	151.9552
583.3333	150.7853
600	151.3325
616.6667	155.4668
633.3333	164.88
650	181.0896
666.6667	199.2242
683.3333	206.8632
700	204.8095
716.6667	196.8167
733.3333	187.3447
750	176.1302
766.6667	166.615
783.3333	160.9674
800	150.0794
816.6667	135.2175
833.3333	120.0478
850	108.8398
866.6667	100.2851
883.3333	95.5348
900	85.201
916.6667	78.8652
933.3333	73.4838
950	67.2669
966.6667	62.3106
983.3333	55.8823
1000	51.9886
1016.6667	43.3088
1033.3334	35.5263
1050	30.038
1066.6666	24.6149
1083.3334	21.395
1100	11.8968
1116.6666	11.0311
1133.3334	20.368
1150	25.2436
1166.6666	25.7181
1183.3334	28.9093
1200	34.5342
1216.6666	44.3665
1233.3334	57.4764
1250	81.704
1266.6666	113.1825
1283.3334	144.3036
1300	159.1169
1316.6666	167.0977
1333.3334	166.4479
1350	159.4904
1366.6666	154.525
1383.3334	147.6885
1400	140.8132
1416.6666	131.3101
1433.3334	132.6158
1450	128.0786
1466.6666	127.2944
1483.3334	128.4583
1500	131.7618
1516.6666	140.5184
1533.3334	147.8875
1550	152.7509
1566.6666	158.2304
1583.3334	163.2025
1600	164.3612
1616.6666	165.3936
1633.3334	164.0252
1650	161.9178
1666.6666	161.8981
1683.3334	160.7442
1700	159.4956
1716.6666	157.1803
1733.3334	154.69
1750	152.5821
1766.6666	151.8257
1783.3334	152.6159
1800	155.3487
1816.6666	162.0956
1833.3334	171.2898
1850	179.6877
1866.6666	161.4834
1883.3334	146.7851
1900	149.4943
1916.6666	154.0548
1933.3334	153.0551
1950	149.1171
1966.6666	145.2321
1983.3334	137.881
2000	127.4194
2016.6666	116.1492
2033.3334	107.1797
2050	99.2607
2066.6667	93.4794
2083.3333	88.7333
2100	84.0571
2116.6667	80.1831
2133.3333	77.2155
2150	75.4055
2166.6667	72.2005
2183.3333	68.8754
2200	64.5759
2216.6667	63.0395
2233.3333	62.506
2250	63.3598
2266.6667	64.262
2283.3333	65.1071
2300	64.2782
2316.6667	64.1332
2333.3333	64.6985
2350	65.7589
2366.6667	66.6391
2383.3333	66.6996
2400	68.5822
2416.6667	76.1981
2433.3333	86.3677
2450	103.4363
2466.6667	123.8421
2483.3333	147.6793
2500	160.1355
2516.6667	168.2861
2533.3333	168.1822
2550	159.8413
2566.6667	152.7351
2583.3333	143.9763
2600	137.1775
2616.6667	131.3533
2633.3333	130.8624
2650	128.8543
2666.6667	125.4763
2683.3333	123.9615
2700	124.2095
2716.6667	132.0205
2733.3333	139.0845
2750	146.2703
2766.6667	150.9423
2783.3333	153.651
2800	156.6257
2816.6667	158.8105
2833.3333	159.0732
2850	157.347
2866.6667	156.4411
2883.3333	155.0412
2900	153.7539
2916.6667	151.5914
2933.3333	149.1029
2950	147.0149
2966.6667	146.3124
2983.3333	148.0129
3000	153.0503
3016.6667	164.0635
3033.3333	190.7833
3050	221.1877
3066.6667	231.5692
3083.3333	226.6265
3100	217.0625
3116.6667	208.5165
3133.3333	200.343
3150	193.4608
3166.6667	186.5731
3183.3333	171.8015
3200	155.366
3216.6667	139.3938
3233.3333	128.1046
3250	118.5734
3266.6667	111.5467
3283.3333	102.3672
3300	92.6625
3316.6667	86.925
3333.3333	79.9961
3350	75.1738
3366.6667	69.7393
3383.3333	66.5556
3400	63.0188
3416.6667	60.4911
3433.3333	57.83
3450	52.6114
3466.6667	50.4303
3483.3333	49.1003
3500	49.3545
3516.6667	49.5083
3533.3333	49.6533
3550	49.4582
3566.6667	50.2851
3583.3333	56.4708
3600	71.243
3616.6667	83.9622
3633.3333	108.3209
3650	136.5549
3666.6667	150.9778
3683.3333	161.0311
3700	164.7844
3716.6667	156.8779
3733.3333	153.5202
3750	147.657
3766.6667	142.3549
3783.3333	135.7871
3800	133.8031
3816.6667	131.4324
3833.3333	129.9725
3850	128.9353
3866.6667	131.2131
3883.3333	138.619
3900	148.6208
3916.6667	156.1526
3933.3333	159.6717
3950	159.8459
3966.6667	162.4451
3983.3333	164.1209
4000	164.591
4016.6667	163.3801
4033.3333	160.6851
4050	158.4235
4066.6667	157.2577
4083.3333	157.1456
4100	156.2
4116.6665	154.384
4133.3335	152.1095
4150	151.1033
4166.6665	153.1987
4183.3335	159.3898
4200	166.0093
4216.6665	172.7715
4233.3335	152.2294
4250	133.9985
4266.6665	148.8243
4283.3335	154.4308
4300	151.821
4316.6665	147.2649
4333.3335	141.942
4350	136.613
4366.6665	129.4282
4383.3335	119.4646
4400	113.6685
4416.6665	107.0167
4433.3335	100.7032
4450	95.4486
4466.6665	90.6907
4483.3335	87.0374
4500	83.9689
4516.6665	80.8124
4533.3335	77.1019
4550	75.0633
4566.6665	74.0183
4583.3335	73.664
4600	73.4973
4616.6665	74.153
4633.3335	74.9201
4650	75.0215
4666.6665	75.5181
4683.3335	75.9829
4700	76.6461
4716.6665	76.6705
4733.3335	76.8992
4750	76.3865
4766.6665	78.4451
4783.3335	86.2403
4800	97.4808
4816.6665	112.4917
4833.3335	135.0306
4850	158.7647
4866.6665	171.0447
4883.3335	175.3631
4900	172.2549
4916.6665	161.4397
4933.3335	154.2448
4950	145.9812
4966.6665	137.8524
4983.3335	131.6908
5000	128.5961
5016.6665	124.9894
5033.3335	122.0127
5050	119.6965
5066.6665	121.5991
5083.3335	125.6541
5100	133.8214
5116.6665	141.4661
5133.3335	147.4967
5150	151.3411
5166.6665	153.6788
5183.3335	156.1059
5200	155.6953
5216.6665	154.4159
5233.3335	153.2616
5250	153.2847
5266.6665	152.2946
5283.3335	151.1617
5300	149.0355
5316.6665	146.8312
5333.3335	147.169
5350	150.0343
5366.6665	155.9312
5383.3335	165.8933
5400	182.4637
5416.6665	191.3146
5433.3335	190.5628
5450	184.0018
5466.6665	177.6439
5483.3335	172.0062
5500	162.9606
5516.6665	154.0031
5533.3335	145.2112
5550	135.1677
5566.6665	123.1312
5583.3335	110.7532
5600	101.3506
5616.6665	94.3428
5633.3335	87.4463
5650	79.7411
5666.6665	74.5637
5683.3335	67.905
5700	62.4531
5716.6665	59.6813
5733.3335	56.083
5750	53.6839
5766.6665	52.5397
5783.3335	50.8799
5800	48.923
5816.6665	48.8821
5833.3335	50.8314
5850	51.5223
5866.6665	52.1625
5883.3335	53.563
5900	55.6364
5916.6665	57.3979
5933.3335	58.5465
5950	59.4473
5966.6665	63.3886
5983.3335	73.7538
6000	91.6559
6016.6665	114.4875
6033.3335	142.0094
6050	156.6378
6066.6665	170.2585
6083.3335	173.8086
6100	163.7096
6116.6665	155.6271
6133.3335	146.22
6150	141.8206
6166.6665	135.7756
6183.3335	128.6918
6200	126.1721
6216.6665	123.3583
6233.3335	120.7566
6250	121.2064
6266.6665	126.487
6283.3335	134.1537
6300	143.7405
6316.6665	149.9754
6333.3335	156.2285
6350	159.3721
6366.6665	162.0487
6383.3335	161.9516
6400	160.2002
6416.6665	158.4011
6433.3335	156.6965
6450	155.5506
6466.6665	153.5517
6483.3335	152.1254
6500	150.4286
6516.6665	149.5808
6533.3335	150.3207
6550	153.6237
6566.6665	162.2591
6583.3335	182.5699
6600	206.618
6616.6665	216.2481
6633.3335	213.8182
6650	204.0682
6666.6665	196.9188
6683.3335	189.9262
6700	181.0901
6716.6665	171.1424
6733.3335	157.9486
6750	146.194
6766.6665	132.2972
6783.3335	122.1921
6800	112.7395
6816.6665	101.7321
6833.3335	94.0239
6850	88.3062
6866.6665	81.4766
6883.3335	75.4241
6900	70.3777
6916.6665	66.688
6933.3335	64.0421
6950	60.49
6966.6665	56.9782
6983.3335	53.3593
7000	51.0802
7016.6665	49.1875
7033.3335	48.4866
7050	47.9725
7066.6665	48.9173
7083.3335	50.4551
7100	51.7401
7116.6665	51.7774
7133.3335	52.2503
7150	54.4661
7166.6665	63.5289
7183.3335	76.9538
7200	102.7865
7216.6665	126.7197
7233.3335	144.0858
7250	157.7299
7266.6665	166.3984
7283.3335	159.4224
7300	150.9141
7316.6665	146.1425
7333.3335	144.4658
7350	138.7946
7366.6665	131.1252
7383.3335	124.2296
7400	122.9458
7416.6665	123.3306
7433.3335	123.6129
7450	129.7277
7466.6665	138.4218
7483.3335	147.5398
7500	153.0796
7516.6665	156.3913
7533.3335	158.9796
7550	160.0092
7566.6665	158.9338
7583.3335	157.136
7600	155.0931
7616.6665	152.9559
7633.3335	151.2996
7650	150.3291
7666.6665	149.025
7683.3335	148.8168
7700	148.6695
7716.6665	149.7735
7733.3335	151.9629
7750	165.8424
7766.6665	217.7777
7783.3335	253.5631
7800	256.2459
7816.6665	247.4998
7833.3335	239.2971
7850	232.0829
7866.6665	225.9522
7883.3335	216.3788
7900	203.7892
7916.6665	187.816
7933.3335	171.5592
7950	159.6334
7966.6665	147.6991
7983.3335	135.038
8000	124.599
8016.6665	115.1765
8033.3335	107.64
8050	102.8881
8066.6665	97.172
8083.3335	89.8279
8100	87.5605
8116.6665	85.1255
8133.3335	81.3015
8150	76.4994
8166.6665	72.5403
8183.3335	67.8552
8200	64.7398
8216.667	62.3128
8233.333	61.2053
8250	60.2166
8266.667	58.968
8283.333	59.564
8300	60.246
8316.667	60.1188
8333.333	61.5792
8350	67.1703
8366.667	80.4412
8383.333	94.4541
8400	117.8619
8416.667	142.5415
8433.333	156.1823
8450	165.4263
8466.667	166.4357
8483.333	159.0202
8500	152.6424
8516.667	146.4759
8533.333	141.0798
8550	135.5864
8566.667	130.2862
8583.333	130.7965
8600	127.774
8616.667	129.9585
8633.333	132.5833
8650	137.9207
8666.667	149.3557
8683.333	156.959
8700	160.3837
8716.667	163.2573
8733.333	163.2539
8750	163.1239
8766.667	163.179
8783.333	163.3792
8800	162.3122
8816.667	160.0909
8833.333	158.0629
8850	156.8308
8866.667	157.2091
8883.333	158.4636
8900	158.7074
8916.667	162.377
8933.333	216.2609
8950	258.486
8966.667	266.7811
8983.333	263.3483
9000	256.5416
9016.667	246.7037
9033.333	237.4611
9050	226.7593
9066.667	213.9842
9083.333	197.6937
9100	178.5487
9116.667	165.2435
9133.333	154.1667
9150	145.8218
9166.667	134.1322
9183.333	121.6805
9200	113.1458
9216.667	107.1499
9233.333	103.043
9250	98.6818
9266.667	93.7514
9283.333	89.4647
9300	85.5809
9316.667	81.7117
9333.333	77.5997
9350	74.1633
9366.667	70.8603
9383.333	67.1378
9400	64.4227
9416.667	62.39
9433.333	61.3091
9450	60.9041
9466.667	60.9439
9483.333	61.9384
9500	61.9142
9516.667	65.1313
9533.333	76.1547
9550	90.0258
9566.667	103.6616
9583.333	133.2977
9600	151.369
9616.667	162.5224
9633.333	168.5167
9650	162.1405
9666.667	154.2256
9683.333	148.5652
9700	143.1675
9716.667	136.4765
9733.333	130.8545
9750	128.7317
9766.667	126.1035
9783.333	123.0498
9800	130.1783
9816.667	137.8661
9833.333	144.2254
9850	153.2389
9866.667	159.0325
9883.333	160.7331
9900	160.551
9916.667	160.6517
9933.333	160.2072
9950	158.7089
9966.667	155.866
9983.333	153.2821
10000	151.9945
10016.667	150.9927
10033.333	148.983
10050	146.5969
10066.667	145.9756
10083.333	147.0029
10100	150.67
10116.667	159.726
10133.333	181.5777
10150	213.7782
10166.667	229.4525
10183.333	225.4368
10200	214.7738
10216.667	203.6732
10233.333	196.5721
10250	190.9852
10266.667	182.9339
10283.333	169.1977
10300	153.9478
10316.667	139.2118
10333.333	127.8868
10350	121.7605
10366.667	111.1039
10383.333	101.559
10400	91.701
10416.667	86.9571
10433.333	83.8212
10450	80.1189
10466.667	73.4226
10483.333	69.6766
10500	66.1529
10516.667	62.1996
10533.333	59.8489
10550	58.5614
10566.667	58.7671
10583.333	58.235
10600	58.1287
10616.667	58.4072
10633.333	58.6162
10650	59.8593
10666.667	61.1792
10683.333	62.8129
10700	65.6215
10716.667	74.6636
10733.333	86.9655
10750	102.4908
10766.667	131.7026
10783.333	155.4948
10800	165.6804
10816.667	173.191
10833.333	167.7482
10850	161.4225
10866.667	153.4843
10883.333	145.4581
10900	139.7171
10916.667	135.0053
10933.333	127.6999
10950	123.9004
10966.667	120.6933
10983.333	123.0653
11000	128.204
11016.667	134.99
11033.333	142.4341
11050	147.9417
11066.667	152.7197
11083.333	155.7528
11100	157.1031
11116.667	155.927
11133.333	153.6381
11150	151.6362
11166.667	150.5553
11183.333	150.172
11200	148.0074
11216.667	146.3691
11233.333	144.4034
11250	143.3723
11266.667	144.67
11283.333	147.0114
11300	152.4995
11316.667	163.4581
11333.333	175.9735
11350	166.4003
11366.667	150.9212
11383.333	148.1108
11400	153.3142
11416.667	152.2489
11433.333	147.6873
11450	141.8925
11466.667	134.7743
11483.333	124.2645
11500	112.7226
11516.667	105.2999
11533.333	95.1787
11550	88.6937
11566.667	83.4769
11583.333	78.6166
11600	75.1961
11616.667	70.1526
11633.333	66.0743
11650	63.7201
11666.667	62.4678
11683.333	61.9333
11700	61.0322
11716.667	60.3497
11733.333	61.0552
11750	62.5633
11766.667	63.7355
11783.333	64.9224
11800	65.2016
11816.667	65.5119
11833.333	68.4076
11850	69.8996
11866.667	70.662
11883.333	70.7302
11900	73.1646
11916.667	87.5071
11933.333	105.019
11950	126.2744
11966.667	149.7518
11983.333	161.8466
12000	171.2217
12016.667	171.1216
12033.333	162.0296
12050	154.2376
12066.667	144.6918
12083.333	136.39
12100	128.5013
12116.667	121.5876
12133.333	117.2688
12150	117.3032
12166.667	116.0413
12183.333	118.1893
12200	127.6006
12216.667	136.3852
12233.333	141.4542
12250	147.0339
12266.667	151.8194
12283.333	154.6387
12300	156.1379
12316.667	156.5844
12333.333	154.3364
12350	151.9497
12366.667	150.3788
12383.333	149.3053
12400	148.1588
12416.667	147.6704
12433.333	148.0143
12450	148.8664
12466.667	151.0376
12483.333	166.6694
12500	225.8689
12516.667	256.8137
12533.333	260.5447
12550	257.0546
12566.667	251.0717
12583.333	243.2628
12600	231.6344
12616.667	219.5152
12633.333	207.6438
12650	192.5286
12666.667	176.3691
12683.333	161.2565
12700	147.9244
12716.667	135.4187
12733.333	125.8616
12750	118.4544
12766.667	112.8461
12783.333	107.1089
12800	100.9747
12816.667	96.0977
12833.333	91.2408
12850	85.2731
12866.667	81.6041
12883.333	77.2523
12900	73.4624
12916.667	70.2525
12933.333	68.4857
12950	67.037
12966.667	65.6002
12983.333	63.1632
13000	62.1464
13016.667	62.2101
13033.333	62.2874
13050	63.8147
13066.667	67.0628
13083.333	77.2799
13100	87.0933
13116.667	105.1795
13133.333	134.4793
13150	159.333
13166.667	169.2461
13183.333	175.8633
13200	168.5659
13216.667	160.9562
13233.333	151.646
13250	143.9409
13266.667	134.4751
13283.333	132.274
13300	128.6174
13316.667	124.6864
13333.333	123.5774
13350	123.9527
13366.667	132.9308
13383.333	142.9505
13400	150.6931
13416.667	155.5119
13433.333	158.5978
13450	159.8797
13466.667	160.7783
13483.333	160.875
13500	158.8585
13516.667	156.0207
13533.333	153.4676
13550	151.829
13566.667	151.0286
13583.333	149.7214
13600	147.6152
13616.667	145.725
13633.333	145.1901
13650	148.134
13666.667	156.0236
13683.333	163.635
13700	166.0607
13716.667	137.202
13733.333	138.3559
13750	149.0636
13766.667	152.5418
13783.333	149.5795
13800	144.085
13816.667	137.975
13833.333	130.0791
13850	123.9443
13866.667	116.3466
13883.333	108.8911
13900	103.1496
13916.667	97.1385
13933.333	93.8696
13950	91.5782
13966.667	89.0866
13983.333	86.4025
14000	83.6619
14016.667	80.6829
14033.333	79.6868
14050	78.0139
14066.667	76.8737
14083.333	77.1731
14100	77.4267
14116.667	78.9464
14133.333	80.2919
14150	81.1835
14166.667	80.8802
14183.333	81.0124
14200	81.5878
14216.667	82.7129
14233.333	83.4862
14250	86.4115
14266.667	93.8479
14283.333	108.5449
14300	125.8693
14316.667	147.3361
14333.333	165.657
14350	169.8135
14366.667	172.9142
14383.333	165.5707
14400	154.949
14416.667	143.8843
14433.333	134.2089
14450	131.4175
14466.667	127.1262
14483.333	122.2881
14500	117.6925
14516.667	118.4858
14533.333	116.8345
14550	120.8748
14566.667	128.4545
14583.333	137.2697
14600	143.0409
14616.667	148.5294
14633.333	152.1684
14650	154.6193
14666.667	154.7545
14683.333	154.1564
14700	152.8549
14716.667	151.008
14733.333	149.5316
14750	148.2708
14766.667	146.8646
14783.333	144.9945
14800	143.4961
14816.667	141.862
14833.333	141.5609
14850	145.832
14866.667	153.4175
14883.333	160.1158
14900	155.8125
14916.667	126.3988
14933.333	143.5308
14950	151.3678
14966.667	150.2881
14983.333	145.9546
15000	141.9175
15016.667	134.8266
15033.333	127.0723
15050	119.6238
15066.667	113.513
15083.333	108.4514
15100	102.5099
15116.667	97.2875
15133.333	94.8569
15150	91.4198
15166.667	87.8541
15183.333	83.2093
15200	80.2338
