0	65.4951
16.6667	71.2788
33.3333	75.0166
50	76.2879
66.6667	81.1517
83.3333	101.0105
100	128.5896
116.6667	150.2057
133.3333	158.3247
150	161.6919
166.6667	164.5416
183.3333	158.3593
200	150.638
216.6667	148.5753
233.3333	140.0464
250	128.7316
266.6667	118.3522
283.3333	106.4673
300	94.3961
316.6667	84.2189
333.3333	77.0107
350	69.3468
366.6667	57.9946
383.3333	51.6772
400	56.6823
416.6667	64.575
433.3333	72.0471
450	78.742
466.6667	82.6093
483.3333	87.881
500	106.0177
516.6667	133.9142
533.3333	153.6779
550	158.0724
566.6667	162.8792
583.3333	161.4953
600	156.4931
616.6667	148.9911
633.3333	148.5818
650	138.1839
666.6667	127.3524
683.3333	114.6697
700	103.8005
716.6667	95.3823
733.3333	85.3626
750	72.2674
766.6667	61.5522
783.3333	53.0011
800	53.1473
816.6667	60.9077
833.3333	66.1943
850	71.4316
866.6667	74.9941
883.3333	79.1281
900	87.6564
916.6667	120.7649
933.3333	145.9357
950	158.2181
966.6667	159.5931
983.3333	163.5957
1000	163.5179
1016.6667	159.1082
1033.3334	151.9719
1050	144.0844
1066.6666	132.7321
1083.3334	120.9275
1100	113.548
1116.6666	102.9566
1133.3334	90.9265
1150	81.5524
1166.6666	71.6754
1183.3334	63.705
1200	54.7698
1216.6666	57.3508
1233.3334	66.9507
1250	73.7811
1266.6666	78.9645
1283.3334	82.6665
1300	84.0895
1316.6666	92.8316
1333.3334	121.4827
1350	146.5337
1366.6666	156.7737
1383.3334	158.7916
1400	160.0995
1416.6666	156.4558
1433.3334	152.0886
1450	147.8622
1466.6666	144.6377
1483.3334	129.7778
1500	121.057
1516.6666	110.6988
1533.3334	100.3384
1550	91.6155
1566.6666	80.7919
1583.3334	68.1011
1600	56.0647
1616.6666	47.7844
1633.3334	51.1716
1650	59.3525
1666.6666	66.2584
1683.3334	73.3098
1700	78.2593
1716.6666	85.1663
1733.3334	98.2913
1750	126.6068
1766.6666	148.1522
1783.3334	155.5632
1800	158.9851
1816.6666	160.877
1833.3334	154.818
1850	148.7887
1866.6666	146.384
1883.3334	137.0747
1900	123.6424
1916.6666	112.9675
1933.3334	102.0168
1950	95.5387
1966.6666	85.6211
1983.3334	71.3725
2000	62.279
2016.6666	55.272
2033.3334	54.3955
2050	59.3729
2066.6667	66.8359
2083.3333	74.3509
2100	77.2223
2116.6667	79.7075
2133.3333	85.6651
2150	104.398
2166.6667	135.1458
2183.3333	150.3121
2200	154.5046
2216.6667	155.8143
2233.3333	155.2497
2250	149.6657
2266.6667	145.2132
2283.3333	140.821
2300	133.7152
2316.6667	123.1861
2333.3333	114.3576
2350	105.0432
2366.6667	94.0653
2383.3333	84.6098
2400	75.2248
2416.6667	62.8634
2433.3333	54.6582
2450	51.6358
2466.6667	57.6693
2483.3333	64.0395
2500	71.9701
2516.6667	78.4619
2533.3333	81.6467
2550	88.5324
2566.6667	108.3515
2583.3333	134.5265
2600	151.6644
2616.6667	156.7063
2633.3333	158.8262
2650	158.0229
2666.6667	153.3825
2683.3333	150.1686
2700	146.4622
2716.6667	135.9454
2733.3333	125.6379
2750	115.4631
2766.6667	101.8494
2783.3333	94.4226
2800	84.1378
2816.6667	69.8836
2833.3333	60.6694
2850	53.2512
2866.6667	53.8031
2883.3333	60.2753
2900	69.1307
2916.6667	76.0342
2933.3333	77.7143
2950	81.5309
2966.6667	88.3624
2983.3333	108.5796
3000	137.0074
3016.6667	152.6671
3033.3333	158.9255
3050	159.4392
3066.6667	157.1744
3083.3333	151.5184
3100	146.9172
3116.6667	143.9998
3133.3333	133.8529
3150	120.6793
3166.6667	105.4356
3183.3333	98.44
3200	89.5008
3216.6667	79.3171
3233.3333	67.7295
3250	56.1365
3266.6667	49.9552
3283.3333	51.228
3300	58.1113
3316.6667	64.0571
3333.3333	70.7215
3350	75.8217
3366.6667	81.6702
3383.3333	94.456
3400	119.1893
3416.6667	141.9634
3433.3333	155.917
3450	157.4711
3466.6667	155.2983
3483.3333	153.764
3500	152.179
3516.6667	146.1839
3533.3333	138.6694
3550	130.3722
3566.6667	117.7422
3583.3333	107.8019
3600	96.0846
3616.6667	86.1094
3633.3333	75.3671
3650	64.8106
3666.6667	55.7428
3683.3333	49.2175
3700	52.8312
3716.6667	59.7274
3733.3333	68.2352
3750	74.6279
3766.6667	80.0477
3783.3333	84.0707
3800	96.5581
3816.6667	123.6916
3833.3333	145.9465
3850	157.1473
3866.6667	157.1463
3883.3333	156.9302
3900	153.7138
3916.6667	150.9721
3933.3333	146.8326
3950	138.9541
3966.6667	124.9566
3983.3333	114.303
4000	103.3052
4016.6667	94.3936
4033.3333	85.8256
4050	72.9624
4066.6667	58.5818
4083.3333	36.536
4100	33.9832
4116.6665	49.3151
4133.3335	56.8199
4150	64.7326
4166.6665	71.4501
4183.3335	79.8103
4200	92.665
4216.6665	121.8619
4233.3335	146.2877
4250	151.9769
4266.6665	156.6901
4283.3335	157.0265
4300	154.0673
4316.6665	149.8143
4333.3335	146.0418
4350	140.3211
4366.6665	128.9721
4383.3335	116.0737
4400	107.7444
4416.6665	98.7715
4433.3335	84.8868
4450	76.2496
4466.6665	62.9922
4483.3335	54.1978
4500	55.5184
4516.6665	58.3796
4533.3335	65.1682
4550	72.5163
4566.6665	79.5737
4583.3335	83.0528
4600	87.4449
4616.6665	101.0353
4633.3335	131.6692
4650	150.532
4666.6665	156.5574
4683.3335	157.4494
4700	156.9468
4716.6665	152.4221
4733.3335	148.4035
4750	146.1714
4766.6665	138.1003
4783.3335	127.9186
4800	116.5347
4816.6665	105.2333
4833.3335	93.0958
4850	83.9534
4866.6665	71.1953
4883.3335	58.7901
4900	52.5647
4916.6665	51.3916
4933.3335	58.6757
4950	65.2919
4966.6665	72.4404
4983.3335	77.5091
5000	84.4316
5016.6665	92.9011
5033.3335	112.47
5050	137.9312
5066.6665	154.7096
5083.3335	157.8583
5100	158.6972
5116.6665	157.2867
5133.3335	149.3864
5150	145.0295
5166.6665	139.6759
5183.3335	131.7604
5200	121.6888
5216.6665	109.1637
5233.3335	99.0335
5250	86.7286
5266.6665	77.1257
5283.3335	66.3585
5300	55.6283
5316.6665	46.6771
5333.3335	49.8076
5350	59.2466
5366.6665	68.6765
5383.3335	75.7673
5400	81.5194
5416.6665	86.4585
5433.3335	99.2973
5450	127.5656
5466.6665	150.1527
5483.3335	156.2167
5500	158.5798
5516.6665	161.8765
5533.3335	155.5686
5550	148.9674
5566.6665	145.8653
5583.3335	141.1689
5600	126.9398
5616.6665	117.0255
5633.3335	106.3614
5650	98.5089
5666.6665	86.0663
5683.3335	73.7609
5700	63.399
5716.6665	51.999
5733.3335	48.1277
5750	56.64
5766.6665	64.4724
5783.3335	70.9474
5800	77.3518
5816.6665	80.5906
5833.3335	81.7986
5850	96.0043
5866.6665	128.0481
5883.3335	151.487
5900	160.0485
5916.6665	161.2638
5933.3335	160.6928
5950	155.8085
5966.6665	148.2908
5983.3335	145.2745
6000	133.3966
6016.6665	120.2215
6033.3335	112.4918
6050	107.1701
6066.6665	93.8081
6083.3335	84.0149
6100	75.3709
6116.6665	61.4516
6133.3335	53.0586
6150	52.1677
6166.6665	58.4772
6183.3335	66.3646
6200	73.1064
6216.6665	77.468
6233.3335	81.8641
6250	86.8925
6266.6665	107.1078
6283.3335	134.808
6300	152.4647
6316.6665	159.6071
6333.3335	160.9194
6350	157.8417
6366.6665	153.2442
6383.3335	146.3586
6400	146.9855
6416.6665	132.7286
6433.3335	117.1307
6450	104.3792
6466.6665	97.744
6483.3335	88.9035
6500	79.0461
6516.6665	68.4106
6533.3335	58.7467
6550	52.1495
6566.6665	52.3158
6583.3335	60.5825
6600	68.353
6616.6665	73.056
6633.3335	77.9543
6650	82.3824
6666.6665	89.5112
6683.3335	112.2261
6700	142.6479
6716.6665	156.6228
6733.3335	159.4026
6750	160.1184
6766.6665	155.6354
6783.3335	151.635
6800	144.5107
6816.6665	143.5264
6833.3335	130.2595
6850	119.0934
6866.6665	110.1495
6883.3335	100.3891
6900	90.4227
6916.6665	79.23
6933.3335	70.5291
6950	60.2164
6966.6665	52.8459
6983.3335	49.7782
7000	56.0532
7016.6665	62.9705
7033.3335	68.1899
7050	73.9282
7066.6665	79.0548
7083.3335	90.2341
7100	116.2742
7116.6665	139.3513
7133.3335	153.2323
7150	154.3987
7166.6665	154.8779
7183.3335	153.0328
7200	149.4015
7216.6665	144.6195
7233.3335	138.0849
7250	126.6447
7266.6665	116.4924
7283.3335	107.6892
7300	95.7255
7316.6665	88.9423
7333.3335	79.3731
7350	68.6346
7366.6665	55.1726
7383.3335	47.3275
7400	54.0541
7416.6665	63.6201
7433.3335	66.9994
7450	72.6643
7466.6665	77.1638
7483.3335	82.1337
7500	99.8712
7516.6665	129.6316
7533.3335	147.6074
7550	155.9751
7566.6665	159.112
7583.3335	160.0103
7600	153.9123
7616.6665	147.8251
7633.3335	144.4549
7650	133.4583
7666.6665	117.5779
7683.3335	108.0809
7700	100.583
7716.6665	93.1948
7733.3335	82.1625
7750	73.0552
7766.6665	61.8054
7783.3335	53.4881
7800	50.3554
7816.6665	55.8004
7833.3335	63.9469
7850	70.0983
7866.6665	76.5311
7883.3335	80.1578
7900	87.0673
7916.6665	111.1958
7933.3335	138.3818
7950	151.5648
7966.6665	157.7372
7983.3335	160.0457
8000	158.1085
8016.6665	153.9862
8033.3335	149.9341
8050	149.847
8066.6665	134.2574
8083.3335	123.5108
8100	111.8842
8116.6665	97.842
8133.3335	86.0966
8150	75.9112
8166.6665	65.658
8183.3335	54.4911
8200	48.1139
8216.667	53.6366
8233.333	62.4904
8250	66.4355
8266.667	70.1386
8283.333	74.1554
8300	80.5007
8316.667	95.8953
8333.333	123.0335
8350	144.1857
8366.667	157.8374
8383.333	157.0299
8400	155.9422
8416.667	154.3574
8433.333	148.0714
8450	147.1382
8466.667	137.5514
8483.333	124.7136
8500	118.171
8516.667	108.5654
8533.333	97.0878
8550	85.8815
8566.667	75.7148
8583.333	64.3546
8600	53.1403
8616.667	50.3417
8633.333	52.8982
8650	62.849
8666.667	70.3268
8683.333	73.7969
8700	78.6419
8716.667	83.1345
8733.333	97.2117
8750	126.7804
8766.667	146.3237
8783.333	153.6371
8800	152.8016
8816.667	152.2197
8833.333	148.3465
8850	143.2599
8866.667	144.5324
8883.333	137.553
8900	124.9343
8916.667	110.7689
8933.333	101.0247
8950	90.3022
8966.667	82.2602
8983.333	71.1008
9000	58.5442
9016.667	49.3181
9033.333	46.3047
9050	52.9994
9066.667	60.6727
9083.333	70.4825
9100	77.129
9116.667	81.5794
9133.333	86.3975
9150	102.8345
9166.667	134.864
9183.333	154.8778
9200	159.6959
9216.667	157.7904
9233.333	155.9741
9250	152.2413
9266.667	149.4684
9283.333	144.313
9300	135.4944
9316.667	119.9845
9333.333	109.5834
9350	101.3083
9366.667	93.65
9383.333	82.0859
9400	71.865
9416.667	59.4971
9433.333	50.8264
9450	50.4853
9466.667	58.9183
9483.333	66.9524
9500	70.4483
9516.667	74.5089
9533.333	78.4549
9550	84.2381
9566.667	105.6428
9583.333	131.133
9600	148.7065
9616.667	154.8977
9633.333	153.2325
9650	151.8528
9666.667	148.7095
9683.333	143.6134
9700	143.4562
9716.667	134.262
9733.333	122.7448
9750	108.4383
9766.667	96.4767
9783.333	87.2724
9800	79.2738
9816.667	70.2109
9833.333	62.7544
9850	51.9125
9866.667	52.5792
9883.333	60.8056
9900	65.8568
9916.667	70.7896
9933.333	75.8909
9950	82.1984
9966.667	90.1692
9983.333	115.6176
10000	142.9691
10016.667	151.7089
10033.333	157.6852
10050	159.299
10066.667	158.7486
10083.333	154.4303
10100	148.9934
10116.667	143.6603
10133.333	129.5251
10150	117.6228
10166.667	107.259
10183.333	99.1549
10200	87.8108
10216.667	76.305
10233.333	64.423
10250	53.1464
10266.667	47.0089
10283.333	50.3703
10300	57.3147
10316.667	63.8551
10333.333	69.8205
10350	75.3101
10366.667	78.2018
10383.333	88.1079
10400	114.8904
10416.667	143.7453
10433.333	153.9239
10450	154.0303
10466.667	158.4999
10483.333	154.4142
10500	149.7591
10516.667	143.8686
10533.333	138.6678
10550	130.49
10566.667	121.0776
10583.333	111.3102
10600	104.6607
10616.667	91.48
10633.333	80.4683
10650	73.325
10666.667	58.8586
10683.333	59.3444
10700	57.4914
10716.667	63.0342
10733.333	75.3796
10750	78.3737
10766.667	78.5878
10783.333	80.334
10800	93.2147
10816.667	125.871
10833.333	149.0222
10850	153.8385
10866.667	157.3189
10883.333	157.768
10900	154.4672
10916.667	146.7128
10933.333	142.1056
10950	134.408
10966.667	122.7817
10983.333	111.3221
11000	104.9092
11016.667	96.9702
11033.333	84.9118
11050	74.5488
11066.667	65.3049
11083.333	57.0959
11100	52.867
11116.667	56.4439
11133.333	65.8024
11150	72.3066
11166.667	77.9652
11183.333	83.2553
11200	86.8238
11216.667	101.7373
11233.333	131.5197
11250	152.3469
11266.667	159.8362
11283.333	160.8573
11300	161.2019
11316.667	155.9508
11333.333	150.3332
11350	146.9972
11366.667	138.2352
11383.333	126.9912
11400	114.0047
11416.667	105.2229
11433.333	92.6142
11450	84.6774
11466.667	72.9606
11483.333	64.8326
11500	53.0219
11516.667	50.6214
11533.333	56.9475
11550	66.4999
11566.667	75.387
11583.333	79.7844
11600	83.7985
11616.667	91.5828
11633.333	110.8851
11650	142.6811
11666.667	157.0382
11683.333	158.3117
11700	160.5976
11716.667	157.0087
11733.333	154.3595
11750	148.0271
11766.667	142.2414
11783.333	135.3706
11800	126.6204
11816.667	115.2468
11833.333	105.0188
11850	90.5834
11866.667	82.3563
11883.333	73.9604
11900	63.7232
11916.667	54.9384
11933.333	55.8219
11950	60.1039
11966.667	68.4303
11983.333	75.399
12000	79.6965
12016.667	82.7614
12033.333	92.4057
12050	121.2899
12066.667	143.2023
12083.333	157.164
12100	158.2564
12116.667	159.2381
12133.333	154.0024
12150	148.2431
12166.667	149.8015
12183.333	142.372
12200	127.152
12216.667	114.1936
12233.333	102.5914
12250	94.3352
12266.667	88.8226
12283.333	78.8506
12300	64.5318
12316.667	51.9447
12333.333	44.7698
12350	54.7831
12366.667	64.1178
12383.333	70.8627
12400	78.6986
12416.667	80.3629
12433.333	83.8812
12450	95.5937
12466.667	127.8597
12483.333	150.9447
12500	160.0481
12516.667	161.8665
12533.333	161.1878
12550	155.6824
12566.667	148.3007
12583.333	145.9946
12600	137.696
12616.667	122.5631
12633.333	111.7937
12650	104.9735
12666.667	95.7411
12683.333	87.3689
12700	73.789
12716.667	61.1934
12733.333	53.1286
12750	56.1714
12766.667	64.6029
12783.333	69.9918
12800	72.5328
12816.667	75.3873
12833.333	80.7773
12850	86.106
12866.667	103.1156
12883.333	129.2511
12900	149.675
12916.667	158.2256
12933.333	156.8087
12950	155.969
12966.667	152.9952
12983.333	147.006
13000	147.6843
13016.667	142.2752
13033.333	125.9721
13050	112.7923
13066.667	103.3447
13083.333	92.7058
13100	82.8827
13116.667	76.0485
13133.333	68.6457
13150	59.378
13166.667	54.1348
13183.333	61.2649
13200	68.8677
13216.667	76.1969
13233.333	79.3883
13250	80.2768
13266.667	88.7245
13283.333	110.8457
13300	138.9434
13316.667	158.87
13333.333	160.7604
13350	159.0435
13366.667	156.761
13383.333	150.3603
13400	146.6898
13416.667	147.9342
13433.333	135.5323
13450	125.1264
13466.667	109.7599
13483.333	100.2875
13500	91.0259
13516.667	79.0574
13533.333	68.4889
13550	59.1901
13566.667	52.2766
13583.333	49.0129
13600	55.1116
13616.667	62.025
13633.333	69.8134
13650	75.6731
13666.667	83.1429
13683.333	95.0222
13700	117.9214
13716.667	159.6073
13733.333	160.4415
13750	160.933
13766.667	155.9488
13783.333	150.317
13800	144.8608
13816.667	142.608
13833.333	134.4614
13850	122.1455
13866.667	110.3264
13883.333	101.007
13900	88.7634
13916.667	78.8564
13933.333	69.3255
13950	63.7358
13966.667	54.7904
13983.333	56.0485
14000	61.3005
14016.667	66.4087
14033.333	70.5935
14050	74.2081
14066.667	80.4574
14083.333	93.843
14100	119.1355
14116.667	142.52
14133.333	160.6446
14150	160.7239
14166.667	159.2203
14183.333	154.4829
14200	150.0523
14216.667	148.9413
14233.333	144.3442
14250	134.8852
14266.667	124.3936
14283.333	111.7666
14300	102.115
14316.667	92.8708
14333.333	81.7642
14350	70.2092
14366.667	59.0535
14383.333	50.9394
14400	54.8377
14416.667	60.8612
14433.333	68.4287
14450	74.2856
14466.667	78.1377
14483.333	82.7993
14500	97.9745
14516.667	128.2175
14533.333	150.245
14550	156.4019
14566.667	157.747
14583.333	158.2453
14600	154.8615
14616.667	147.0854
14633.333	146.0253
14650	141.8953
14666.667	128.3947
14683.333	114.7471
14700	109.1096
14716.667	96.7323
14733.333	84.7813
14750	73.898
14766.667	64.6752
14783.333	56.6244
14800	49.1011
14816.667	56.4691
14833.333	66.6056
14850	74.0395
14866.667	77.2506
14883.333	81.5686
14900	89.0111
14916.667	108.4168
14933.333	137.0835
14950	152.7283
14966.667	156.4705
14983.333	155.2215
15000	152.1396
15016.667	148.6921
15033.333	144.0315
15050	144.7582
15066.667	136.5255
15083.333	123.9576
15100	113.3168
15116.667	104.4722
15133.333	95.3349
15150	84.0898
15166.667	74.9605
15183.333	64.8801
15200	57.2991
15216.667	52.6059
15233.333	58.6549
